GO:0045944 BP 7.59e-08  41/417  1141/29122 D11 positive regulation of transcription by RNA polymerase II 429.0, 466.0, 657.0, 658.0, 2004.0, 2247.0, 3174.0, 3400.0, 4087.0, 4089.0, 4774.0, 4775.0, 4780.0, 4781.0, 5080.0, 5454.0, 5465.0, 5978.0, 5993.0, 6760.0, 6925.0, 6935.0, 7003.0, 7099.0, 7525.0, 7594.0, 8850.0, 10168.0, 11107.0, 11166.0, 23493.0, 23586.0, 25925.0, 30061.0, 51427.0, 55274.0, 80173.0, 80312.0, 90865.0, 643836.0, 110354863.0 
GO:0048663 BP 1.33e-07   6/417    18/29122 D04 neuron fate commitment                   429.0, 3398.0, 4089.0, 5080.0, 5454.0, 25925.0 
GO:0007165 BP 1.82e-06  37/417  1103/29122 D04 signal transduction                      734.0, 952.0, 2004.0, 2054.0, 2247.0, 2565.0, 2697.0, 3709.0, 4090.0, 4163.0, 4289.0, 5586.0, 5592.0, 6016.0, 6259.0, 6374.0, 7159.0, 7867.0, 8613.0, 8741.0, 8800.0, 9989.0, 9994.0, 10672.0, 11228.0, 23607.0, 53342.0, 55198.0, 55233.0, 55970.0, 57447.0, 80318.0, 80763.0, 84986.0, 85415.0, 94134.0, 283349.0 
GO:0030154 BP 2.66e-06  25/417   605/29122 D03 cell differentiation                     2004.0, 2054.0, 2117.0, 2241.0, 2247.0, 3174.0, 3398.0, 3400.0, 4087.0, 4089.0, 4090.0, 4735.0, 5465.0, 5933.0, 6925.0, 6935.0, 7525.0, 8934.0, 10672.0, 11166.0, 11244.0, 51574.0, 51776.0, 57447.0, 114112.0 
GO:0003161 BP 4.32e-06   5/417    18/29122 D07 cardiac conduction system development    657.0, 2697.0, 4089.0, 4090.0, 23493.0 
GO:0055072 BP 7.96e-06   6/417    34/29122 D09 iron ion homeostasis                     2512.0, 3077.0, 9843.0, 30061.0, 56898.0, 79901.0 
GO:0006081 BP 8.13e-06   4/417    10/29122 D03 cellular aldehyde metabolic process      216.0, 223.0, 501.0, 8574.0 
GO:0006357 BP 1.17e-05  46/417  1619/29122 D10 regulation of transcription by RNA polymerase II 429.0, 466.0, 1112.0, 2004.0, 2018.0, 2117.0, 3174.0, 4087.0, 4089.0, 4090.0, 4774.0, 4775.0, 4780.0, 4781.0, 5080.0, 5454.0, 5993.0, 6925.0, 6935.0, 7003.0, 7227.0, 7576.0, 7594.0, 9760.0, 10168.0, 11166.0, 11244.0, 23493.0, 25925.0, 51427.0, 60436.0, 64067.0, 65986.0, 84614.0, 115560.0, 121274.0, 144348.0, 147657.0, 339500.0, 340252.0, 360023.0, 388536.0, 440097.0, 643836.0, 100129543.0, 110354863.0 
GO:0050768 BP 2.00e-05   5/417    24/29122 D07 negative regulation of neurogenesis      657.0, 5080.0, 5978.0, 6653.0, 55198.0 
GO:0005829 CC 1.79e-16 146/417  5288/29122 D02 cytosol                                  120.0, 183.0, 216.0, 223.0, 394.0, 501.0, 663.0, 788.0, 1756.0, 1962.0, 2241.0, 2330.0, 2512.0, 2697.0, 2949.0, 3174.0, 3398.0, 3987.0, 4087.0, 4089.0, 4090.0, 4128.0, 4163.0, 4289.0, 4534.0, 4604.0, 4638.0, 4750.0, 4775.0, 4780.0, 4915.0, 5080.0, 5130.0, 5208.0, 5375.0, 5586.0, 5592.0, 5825.0, 5978.0, 6303.0, 6738.0, 6744.0, 6815.0, 6935.0, 7159.0, 7430.0, 7525.0, 7813.0, 7867.0, 8099.0, 8424.0, 8574.0, 8644.0, 8682.0, 8741.0, 8850.0, 8895.0, 8915.0, 8934.0, 8991.0, 9104.0, 9459.0, 9588.0, 9712.0, 10247.0, 10606.0, 10611.0, 10672.0, 10693.0, 10746.0, 10806.0, 10979.0, 11160.0, 22796.0, 22836.0, 22919.0, 23012.0, 23118.0, 23209.0, 23475.0, 23564.0, 23586.0, 23607.0, 23683.0, 25938.0, 26010.0, 26043.0, 27131.0, 29968.0, 30061.0, 51084.0, 51088.0, 51100.0, 51191.0, 51226.0, 51268.0, 51574.0, 51666.0, 51776.0, 54165.0, 54453.0, 55233.0, 55300.0, 55520.0, 55601.0, 55729.0, 55740.0, 55916.0, 56898.0, 56907.0, 57161.0, 57447.0, 57713.0, 59345.0, 64750.0, 64854.0, 79577.0, 81617.0, 81624.0, 84085.0, 84282.0, 84986.0, 85415.0, 92344.0, 92912.0, 94241.0, 113251.0, 114112.0, 115548.0, 117245.0, 121274.0, 121441.0, 140576.0, 146556.0, 147657.0, 152137.0, 154796.0, 157657.0, 165324.0, 200845.0, 200894.0, 253827.0, 254225.0, 283349.0, 285636.0, 374354.0 
GO:0005737 CC 1.73e-08 114/417  4798/29122 D02 cytoplasm                                216.0, 223.0, 361.0, 394.0, 580.0, 663.0, 767.0, 1979.0, 2241.0, 2247.0, 2512.0, 2697.0, 2746.0, 3033.0, 3398.0, 3400.0, 3983.0, 3987.0, 4087.0, 4089.0, 4090.0, 4163.0, 4289.0, 4493.0, 4534.0, 4638.0, 4735.0, 4750.0, 4775.0, 4780.0, 5080.0, 5586.0, 5592.0, 5784.0, 5978.0, 6259.0, 6641.0, 6815.0, 7099.0, 7159.0, 7430.0, 7867.0, 8099.0, 8574.0, 8644.0, 8741.0, 8895.0, 8915.0, 8934.0, 9104.0, 9588.0, 9994.0, 10203.0, 10247.0, 10519.0, 10606.0, 10672.0, 10746.0, 10979.0, 11238.0, 22929.0, 23012.0, 23209.0, 23328.0, 23475.0, 23493.0, 23586.0, 23607.0, 26010.0, 29968.0, 30061.0, 50808.0, 51088.0, 51100.0, 51115.0, 51191.0, 51776.0, 54165.0, 54962.0, 55233.0, 55589.0, 55601.0, 55796.0, 56898.0, 57447.0, 59345.0, 64750.0, 80114.0, 80763.0, 81602.0, 81624.0, 84282.0, 84986.0, 85444.0, 90459.0, 90865.0, 92344.0, 94134.0, 113612.0, 114112.0, 115548.0, 117245.0, 128077.0, 133619.0, 140576.0, 140609.0, 145482.0, 152137.0, 157657.0, 167410.0, 221687.0, 253827.0, 283349.0, 375743.0 
GO:0005654 CC 9.81e-08  94/417  3804/29122 D02 nucleoplasm                              466.0, 580.0, 2004.0, 2117.0, 2697.0, 3033.0, 3077.0, 3174.0, 3398.0, 3400.0, 3709.0, 4087.0, 4089.0, 4090.0, 4163.0, 4289.0, 4329.0, 4664.0, 4735.0, 4750.0, 4774.0, 4775.0, 4780.0, 4781.0, 5080.0, 5208.0, 5454.0, 5465.0, 5586.0, 5784.0, 5933.0, 5978.0, 6738.0, 6744.0, 6815.0, 6935.0, 7003.0, 7159.0, 7227.0, 7867.0, 8099.0, 8682.0, 8741.0, 8850.0, 8895.0, 9169.0, 9994.0, 10519.0, 10746.0, 10979.0, 11107.0, 11244.0, 23118.0, 23493.0, 23683.0, 26010.0, 26043.0, 30061.0, 51111.0, 51574.0, 51575.0, 54165.0, 54756.0, 54962.0, 55233.0, 55274.0, 55520.0, 55729.0, 55796.0, 55916.0, 56907.0, 57713.0, 60436.0, 64067.0, 64750.0, 65986.0, 79074.0, 79366.0, 79577.0, 84142.0, 84614.0, 84950.0, 84991.0, 90865.0, 92344.0, 94241.0, 114112.0, 121274.0, 121441.0, 140609.0, 147657.0, 154796.0, 254225.0, 285636.0 
GO:0005634 CC 2.53e-07 121/417  5449/29122 D05 nucleus                                  429.0, 466.0, 501.0, 580.0, 952.0, 1112.0, 2004.0, 2018.0, 2117.0, 2195.0, 2241.0, 2247.0, 3398.0, 3400.0, 4087.0, 4089.0, 4090.0, 4163.0, 4493.0, 4664.0, 4735.0, 4750.0, 4774.0, 4775.0, 4780.0, 4781.0, 5080.0, 5130.0, 5375.0, 5445.0, 5465.0, 5586.0, 5784.0, 5978.0, 6259.0, 6760.0, 6815.0, 6925.0, 6935.0, 7078.0, 7159.0, 7227.0, 7576.0, 7594.0, 7813.0, 7867.0, 7957.0, 8099.0, 8644.0, 8850.0, 8895.0, 8915.0, 9104.0, 9262.0, 9588.0, 9760.0, 9994.0, 10168.0, 10247.0, 10519.0, 10672.0, 10979.0, 11107.0, 11144.0, 11166.0, 11244.0, 23493.0, 25925.0, 26043.0, 26092.0, 51111.0, 51427.0, 51574.0, 51776.0, 54165.0, 54537.0, 54954.0, 54962.0, 55198.0, 55233.0, 55520.0, 55589.0, 55729.0, 57447.0, 57713.0, 58529.0, 60436.0, 64750.0, 64854.0, 65986.0, 79074.0, 79366.0, 79577.0, 80173.0, 80312.0, 81602.0, 81624.0, 84142.0, 84437.0, 84950.0, 84986.0, 90321.0, 90459.0, 90865.0, 92912.0, 94241.0, 115560.0, 121274.0, 140576.0, 144348.0, 147657.0, 165324.0, 254225.0, 339500.0, 340252.0, 360023.0, 388536.0, 440097.0, 643836.0, 100129543.0, 110354863.0 
GO:0000785 CC 1.68e-05  33/417  1009/29122 D02 chromatin                                429.0, 466.0, 1112.0, 2004.0, 2018.0, 2117.0, 2241.0, 3174.0, 4087.0, 4089.0, 4090.0, 4774.0, 4775.0, 4780.0, 4781.0, 5080.0, 5454.0, 5465.0, 5933.0, 5993.0, 6925.0, 6935.0, 7003.0, 7227.0, 11166.0, 11244.0, 23493.0, 54962.0, 60436.0, 64067.0, 79366.0, 84614.0, 440097.0 
GO:0030027 CC 1.69e-05  12/417   186/29122 D04 lamellipodium                            2054.0, 2195.0, 2241.0, 3983.0, 4163.0, 4638.0, 5586.0, 9459.0, 10519.0, 55740.0, 154796.0, 348110.0 
GO:0048471 CC 2.74e-05  25/417   694/29122 D02 perinuclear region of cytoplasm          663.0, 2040.0, 2195.0, 3077.0, 3987.0, 4915.0, 5586.0, 6507.0, 7099.0, 7159.0, 7430.0, 8099.0, 8915.0, 8934.0, 9588.0, 9843.0, 10519.0, 23209.0, 23607.0, 27131.0, 51191.0, 55916.0, 56907.0, 57447.0, 85415.0 
GO:0005886 CC 4.15e-05  97/417  4549/29122 D03 plasma membrane                          120.0, 361.0, 394.0, 444.0, 657.0, 658.0, 952.0, 953.0, 1756.0, 2040.0, 2054.0, 2195.0, 2565.0, 2697.0, 3077.0, 3693.0, 3696.0, 3709.0, 3781.0, 3977.0, 3987.0, 4163.0, 4534.0, 4638.0, 4735.0, 4780.0, 4915.0, 5130.0, 5445.0, 5547.0, 5586.0, 5592.0, 5803.0, 6016.0, 6259.0, 6385.0, 6507.0, 6653.0, 6744.0, 7099.0, 7430.0, 7525.0, 8323.0, 8613.0, 8801.0, 8895.0, 8934.0, 9019.0, 9262.0, 9712.0, 9749.0, 9843.0, 10203.0, 10519.0, 10672.0, 10979.0, 11160.0, 22836.0, 22929.0, 23118.0, 23209.0, 23586.0, 23607.0, 23657.0, 25945.0, 30061.0, 53832.0, 54756.0, 54762.0, 54918.0, 55198.0, 55300.0, 55366.0, 55740.0, 55970.0, 57088.0, 58494.0, 64065.0, 64750.0, 79901.0, 83604.0, 84239.0, 84888.0, 84986.0, 85315.0, 85415.0, 93129.0, 115548.0, 121441.0, 130132.0, 140576.0, 154796.0, 157657.0, 166647.0, 171586.0, 201633.0, 283349.0 
GO:0070062 CC 4.37e-05  55/417  2169/29122 D06 extracellular exosome                    183.0, 216.0, 217.0, 223.0, 501.0, 952.0, 953.0, 1777.0, 2040.0, 2195.0, 2512.0, 2628.0, 3693.0, 3696.0, 3977.0, 3998.0, 4735.0, 5375.0, 5547.0, 6385.0, 6653.0, 7430.0, 7525.0, 8424.0, 8574.0, 8644.0, 8741.0, 8895.0, 8934.0, 8991.0, 9068.0, 9588.0, 10247.0, 10519.0, 10529.0, 10606.0, 10672.0, 22836.0, 23475.0, 23564.0, 23607.0, 29968.0, 51084.0, 55198.0, 55233.0, 55970.0, 56898.0, 57447.0, 59345.0, 79901.0, 84888.0, 140576.0, 146556.0, 157310.0, 283537.0 
GO:0001726 CC 6.78e-05   8/417    95/29122 D04 ruffle                                   4289.0, 4534.0, 7099.0, 7430.0, 23607.0, 27131.0, 55198.0, 154796.0 
GO:0071141 CC 9.78e-05   3/417     7/29122 D02 SMAD protein complex                     4087.0, 4089.0, 4090.0 
GO:0005739 CC 1.16e-04  37/417  1321/29122 D05 mitochondrion                            217.0, 501.0, 788.0, 2004.0, 2040.0, 2628.0, 2697.0, 2746.0, 3032.0, 3033.0, 3992.0, 4128.0, 4329.0, 5445.0, 5825.0, 8424.0, 8801.0, 8895.0, 8934.0, 9588.0, 9994.0, 10247.0, 10449.0, 11112.0, 11238.0, 23564.0, 23597.0, 50808.0, 55333.0, 63933.0, 64065.0, 79366.0, 79611.0, 84263.0, 114112.0, 133686.0, 253827.0 
GO:1990712 CC 1.55e-04   3/417     8/29122 D05 HFE-transferrin receptor complex         657.0, 658.0, 3077.0 
GO:0071144 CC 1.55e-04   3/417     8/29122 D04 heteromeric SMAD protein complex         4087.0, 4089.0, 4090.0 
GO:0031674 CC 1.67e-04   4/417    20/29122 D02 I band                                   4534.0, 8850.0, 10529.0, 10979.0 
GO:0030054 CC 1.87e-04  11/417   204/29122 D02 cell junction                            1756.0, 2241.0, 2697.0, 4774.0, 7159.0, 8895.0, 10979.0, 55333.0, 55740.0, 154796.0, 157657.0 
GO:0015629 CC 2.55e-04  12/417   247/29122 D06 actin cytoskeleton                       2241.0, 3983.0, 4638.0, 4735.0, 7430.0, 9262.0, 10611.0, 23012.0, 23586.0, 23607.0, 51778.0, 58529.0 
GO:0031985 CC 3.25e-04   3/417    10/29122 D04 Golgi cisterna                           2681.0, 6653.0, 27314.0 
GO:0005938 CC 4.77e-04   9/417   158/29122 D03 cell cortex                              120.0, 2241.0, 3709.0, 4289.0, 4735.0, 9936.0, 10979.0, 22836.0, 56907.0 
GO:0030175 CC 5.43e-04   6/417    71/29122 D05 filopodium                               1756.0, 2195.0, 4534.0, 7430.0, 9936.0, 55740.0 
GO:0005515 MF 1.41e-24 282/417 12476/29122 D02 protein binding                          183.0, 216.0, 361.0, 394.0, 429.0, 444.0, 466.0, 501.0, 580.0, 657.0, 658.0, 663.0, 767.0, 788.0, 953.0, 1112.0, 1462.0, 1756.0, 1962.0, 1979.0, 2004.0, 2018.0, 2040.0, 2054.0, 2195.0, 2241.0, 2247.0, 2512.0, 2565.0, 2628.0, 2697.0, 2746.0, 2949.0, 3032.0, 3077.0, 3398.0, 3400.0, 3547.0, 3693.0, 3781.0, 3895.0, 3977.0, 3983.0, 3987.0, 3998.0, 4087.0, 4089.0, 4090.0, 4128.0, 4163.0, 4289.0, 4493.0, 4534.0, 4604.0, 4638.0, 4735.0, 4750.0, 4775.0, 4780.0, 4915.0, 5080.0, 5130.0, 5208.0, 5229.0, 5375.0, 5454.0, 5465.0, 5509.0, 5547.0, 5586.0, 5592.0, 5784.0, 5803.0, 5825.0, 5933.0, 5978.0, 5993.0, 6016.0, 6259.0, 6303.0, 6374.0, 6385.0, 6507.0, 6641.0, 6653.0, 6760.0, 6815.0, 6925.0, 6935.0, 7003.0, 7078.0, 7099.0, 7159.0, 7227.0, 7430.0, 7525.0, 7813.0, 7867.0, 7957.0, 8099.0, 8323.0, 8424.0, 8574.0, 8613.0, 8682.0, 8800.0, 8801.0, 8850.0, 8879.0, 8895.0, 8915.0, 8934.0, 8991.0, 9019.0, 9169.0, 9459.0, 9588.0, 9741.0, 9749.0, 9760.0, 9936.0, 9989.0, 9994.0, 10203.0, 10247.0, 10449.0, 10491.0, 10519.0, 10529.0, 10606.0, 10611.0, 10672.0, 10746.0, 10806.0, 10827.0, 10979.0, 11107.0, 11112.0, 11144.0, 11160.0, 11244.0, 11341.0, 22796.0, 22836.0, 22919.0, 22929.0, 23012.0, 23118.0, 23209.0, 23328.0, 23475.0, 23493.0, 23564.0, 23586.0, 23607.0, 23657.0, 23683.0, 25840.0, 25925.0, 25945.0, 26043.0, 26092.0, 27131.0, 27314.0, 29968.0, 30061.0, 50808.0, 51088.0, 51100.0, 51111.0, 51191.0, 51268.0, 51375.0, 51427.0, 51574.0, 51776.0, 51778.0, 53832.0, 54165.0, 54532.0, 54537.0, 54741.0, 54762.0, 54918.0, 54962.0, 55198.0, 55233.0, 55304.0, 55333.0, 55366.0, 55601.0, 55729.0, 55740.0, 55796.0, 55916.0, 55970.0, 56898.0, 56907.0, 56994.0, 57088.0, 57161.0, 57447.0, 57713.0, 58494.0, 58529.0, 59345.0, 63933.0, 64065.0, 64750.0, 64854.0, 65983.0, 65986.0, 79074.0, 79577.0, 79611.0, 79635.0, 79666.0, 79901.0, 80173.0, 80318.0, 80763.0, 81542.0, 81617.0, 83604.0, 83648.0, 84142.0, 84236.0, 84282.0, 84437.0, 84674.0, 84888.0, 84950.0, 84952.0, 84986.0, 84991.0, 85315.0, 90321.0, 90459.0, 90865.0, 92344.0, 92912.0, 93129.0, 94241.0, 113251.0, 114112.0, 114908.0, 115548.0, 115560.0, 116254.0, 121441.0, 122809.0, 124491.0, 130132.0, 133619.0, 140576.0, 140609.0, 144348.0, 145482.0, 147657.0, 151188.0, 151254.0, 152137.0, 154796.0, 157310.0, 157657.0, 163590.0, 165324.0, 167410.0, 167691.0, 200845.0, 200894.0, 201633.0, 221687.0, 253827.0, 254225.0, 283349.0, 285636.0, 317662.0, 348110.0, 374354.0, 388335.0, 440097.0 
GO:0042802 MF 7.36e-08  49/417  1497/29122 D03 identical protein binding                361.0, 429.0, 466.0, 952.0, 2040.0, 2247.0, 2512.0, 2746.0, 2949.0, 3033.0, 4087.0, 4089.0, 4289.0, 5130.0, 5445.0, 5454.0, 6303.0, 6374.0, 6385.0, 6925.0, 7099.0, 7159.0, 7430.0, 8424.0, 8915.0, 9588.0, 10247.0, 10606.0, 11144.0, 22919.0, 22929.0, 23209.0, 23475.0, 23493.0, 23586.0, 23607.0, 29968.0, 30061.0, 51100.0, 55198.0, 64750.0, 65983.0, 79901.0, 80318.0, 84282.0, 115548.0, 200845.0, 201633.0, 283349.0 
GO:0003700 MF 1.17e-07  23/417   439/29122 D02 DNA-binding transcription factor activity 429.0, 466.0, 1112.0, 2004.0, 3174.0, 4087.0, 4089.0, 4774.0, 4780.0, 5080.0, 5454.0, 5465.0, 5978.0, 6925.0, 6935.0, 7003.0, 7227.0, 11107.0, 11166.0, 11244.0, 23493.0, 60436.0, 115560.0 
GO:0000978 MF 2.22e-07  41/417  1182/29122 D09 RNA polymerase II cis-regulatory region sequence-specific DNA binding 429.0, 466.0, 2004.0, 2018.0, 3174.0, 4087.0, 4089.0, 4090.0, 4774.0, 4775.0, 4780.0, 4781.0, 5080.0, 5454.0, 5465.0, 5978.0, 5993.0, 6925.0, 6935.0, 7003.0, 7576.0, 7594.0, 10168.0, 11107.0, 11166.0, 23493.0, 25925.0, 51427.0, 60436.0, 84614.0, 115560.0, 121274.0, 144348.0, 147657.0, 339500.0, 340252.0, 360023.0, 388536.0, 643836.0, 100129543.0, 110354863.0 
GO:0003779 MF 3.14e-07  17/417   264/29122 D04 actin binding                            1756.0, 2241.0, 3983.0, 4604.0, 4638.0, 6641.0, 7430.0, 9749.0, 10611.0, 10979.0, 23012.0, 51088.0, 51778.0, 55740.0, 56907.0, 58529.0, 81624.0 
GO:0046872 MF 8.70e-07  63/417  2304/29122 D04 metal ion binding                        414.0, 580.0, 657.0, 658.0, 3983.0, 3998.0, 4087.0, 4089.0, 4090.0, 4493.0, 4638.0, 4750.0, 5445.0, 5978.0, 6507.0, 6738.0, 7078.0, 7079.0, 7576.0, 7594.0, 8895.0, 9169.0, 10168.0, 10611.0, 10672.0, 10746.0, 11107.0, 11244.0, 22929.0, 23683.0, 25925.0, 30061.0, 51111.0, 51427.0, 55233.0, 55274.0, 55520.0, 55790.0, 55796.0, 56994.0, 64854.0, 65986.0, 79666.0, 79901.0, 84239.0, 84282.0, 84614.0, 90321.0, 90459.0, 115560.0, 121274.0, 140609.0, 144348.0, 147657.0, 221687.0, 254225.0, 339500.0, 340252.0, 360023.0, 388536.0, 643836.0, 100129543.0, 110354863.0 
GO:0043878 MF 1.40e-06   4/417     7/29122 D05 glyceraldehyde-3-phosphate dehydrogenase (NAD+) (non-phosphorylating) activity 216.0, 217.0, 223.0, 501.0 
GO:0001228 MF 3.48e-06  21/417   458/29122 D04 DNA-binding transcription activator activity, RNA polymerase II-specific 466.0, 2004.0, 3174.0, 4087.0, 4089.0, 4774.0, 4775.0, 4780.0, 4781.0, 5080.0, 5454.0, 5465.0, 5993.0, 6925.0, 7594.0, 10168.0, 11166.0, 25925.0, 51427.0, 643836.0, 110354863.0 
GO:0004029 MF 3.70e-05   4/417    14/29122 D06 aldehyde dehydrogenase (NAD+) activity   216.0, 217.0, 223.0, 501.0 
GO:0000981 MF 3.85e-05  37/417  1240/29122 D03 DNA-binding transcription factor activity, RNA polymerase II-specific 429.0, 466.0, 1112.0, 2004.0, 2018.0, 2117.0, 3174.0, 4087.0, 4089.0, 4090.0, 4774.0, 4775.0, 4780.0, 4781.0, 5080.0, 5454.0, 5465.0, 5993.0, 6925.0, 6935.0, 7003.0, 7576.0, 11166.0, 11244.0, 23493.0, 60436.0, 64067.0, 84614.0, 121274.0, 144348.0, 147657.0, 339500.0, 340252.0, 360023.0, 388536.0, 440097.0, 100129543.0 
GO:0003857 MF 5.65e-05   3/417     6/29122 D05 3-hydroxyacyl-CoA dehydrogenase activity 1962.0, 3032.0, 3033.0 
GO:0070403 MF 6.58e-05   4/417    16/29122 D06 NAD+ binding                             1962.0, 2746.0, 3033.0, 51084.0 
