GO:0098962 BP 2.88e-08   6/344    17/29122 D08 regulation of postsynaptic neurotransmitter receptor activity 6714.0, 22839.0, 23467.0, 27092.0, 57596.0, 729956.0 
GO:2000463 BP 2.22e-07   6/344    23/29122 D08 positive regulation of excitatory postsynaptic potential 2902.0, 10458.0, 23316.0, 50944.0, 57555.0, 85358.0 
GO:0006468 BP 5.23e-07  21/344   493/29122 D07 protein phosphorylation                  994.0, 5566.0, 5914.0, 6878.0, 7204.0, 7786.0, 8408.0, 9020.0, 9024.0, 10290.0, 10461.0, 22983.0, 65268.0, 80863.0, 83694.0, 84033.0, 84630.0, 114783.0, 140901.0, 157285.0, 221938.0 
GO:0048167 BP 2.24e-06   7/344    51/29122 D07 regulation of synaptic plasticity        575.0, 2902.0, 2906.0, 4137.0, 5914.0, 8831.0, 10458.0 
GO:2000311 BP 2.99e-06   5/344    20/29122 D09 regulation of AMPA receptor activity     27092.0, 50944.0, 57555.0, 80863.0, 729956.0 
GO:0050804 BP 5.41e-06   7/344    58/29122 D06 modulation of chemical synaptic transmission 773.0, 2901.0, 5566.0, 6533.0, 23096.0, 57497.0, 57555.0 
GO:0035418 BP 1.74e-05   4/344    14/29122 D05 protein localization to synapse          8927.0, 10458.0, 50944.0, 57555.0 
GO:0035176 BP 3.35e-05   6/344    52/29122 D02 social behavior                          4204.0, 22941.0, 23152.0, 50944.0, 57555.0, 85358.0 
GO:0018105 BP 3.53e-05  10/344   169/29122 D09 peptidyl-serine phosphorylation          1609.0, 5566.0, 6714.0, 7786.0, 8408.0, 9024.0, 22983.0, 23031.0, 84630.0, 388228.0 
GO:0005886 CC 3.91e-12 105/344  4549/29122 D03 plasma membrane                          432.0, 575.0, 773.0, 949.0, 1609.0, 1838.0, 1951.0, 1952.0, 2046.0, 2686.0, 2775.0, 2826.0, 2889.0, 2901.0, 2902.0, 2906.0, 2914.0, 3274.0, 3362.0, 3675.0, 3748.0, 4137.0, 4326.0, 5032.0, 5141.0, 6533.0, 6540.0, 6553.0, 6573.0, 6714.0, 7015.0, 7036.0, 7226.0, 7375.0, 7433.0, 7786.0, 7916.0, 8831.0, 8907.0, 8913.0, 9080.0, 9132.0, 9478.0, 10021.0, 10188.0, 10347.0, 10458.0, 10461.0, 10579.0, 11182.0, 11250.0, 11255.0, 22839.0, 22859.0, 22941.0, 22983.0, 23368.0, 23373.0, 23396.0, 23415.0, 23762.0, 25999.0, 26011.0, 26504.0, 27092.0, 27124.0, 29924.0, 50944.0, 51195.0, 51754.0, 56654.0, 57125.0, 57198.0, 57449.0, 57465.0, 57497.0, 57549.0, 57555.0, 57582.0, 57622.0, 57731.0, 64137.0, 64411.0, 65268.0, 79414.0, 79955.0, 80325.0, 80727.0, 81544.0, 83999.0, 84033.0, 84133.0, 84258.0, 84894.0, 85456.0, 90249.0, 92714.0, 114784.0, 115703.0, 138429.0, 145567.0, 196500.0, 222962.0, 284656.0, 389813.0 
GO:0030425 CC 1.81e-10  24/344   412/29122 D05 dendrite                                 575.0, 1762.0, 1838.0, 2002.0, 2901.0, 2902.0, 3274.0, 3362.0, 4137.0, 5909.0, 5914.0, 6533.0, 8927.0, 9572.0, 11255.0, 22983.0, 23098.0, 23373.0, 50944.0, 57125.0, 57549.0, 79414.0, 114088.0, 114783.0 
GO:0014069 CC 4.84e-09  17/344   240/29122 D04 postsynaptic density                     575.0, 1838.0, 2902.0, 6714.0, 8831.0, 8927.0, 9478.0, 9922.0, 22859.0, 22941.0, 23373.0, 29904.0, 50944.0, 53335.0, 85358.0, 440073.0, 729956.0 
GO:0005737 CC 4.38e-08  97/344  4798/29122 D02 cytoplasm                                773.0, 949.0, 994.0, 1609.0, 1838.0, 1850.0, 1952.0, 2245.0, 2889.0, 2902.0, 3054.0, 3508.0, 4137.0, 4773.0, 4858.0, 5566.0, 5909.0, 5914.0, 6497.0, 6714.0, 6799.0, 7204.0, 7375.0, 7786.0, 8408.0, 8629.0, 8913.0, 9024.0, 9253.0, 9256.0, 9572.0, 9825.0, 9826.0, 10188.0, 10458.0, 10461.0, 10514.0, 10579.0, 10743.0, 22983.0, 23005.0, 23038.0, 23096.0, 23098.0, 23170.0, 23255.0, 23309.0, 23368.0, 23373.0, 23567.0, 25999.0, 26011.0, 26053.0, 26267.0, 27124.0, 29904.0, 50853.0, 51127.0, 51341.0, 51466.0, 57125.0, 57449.0, 57465.0, 57555.0, 57596.0, 57605.0, 57662.0, 57707.0, 57731.0, 60680.0, 63876.0, 64410.0, 64411.0, 65268.0, 79567.0, 79777.0, 80212.0, 80325.0, 81559.0, 84630.0, 85456.0, 92558.0, 92714.0, 113220.0, 114088.0, 114826.0, 115290.0, 115703.0, 140901.0, 146713.0, 157285.0, 255043.0, 387694.0, 388228.0, 440193.0, 541468.0, 752014.0 
GO:0005829 CC 4.42e-08 104/344  5288/29122 D02 cytosol                                  994.0, 1609.0, 1850.0, 2245.0, 2802.0, 2889.0, 4137.0, 4204.0, 4524.0, 4773.0, 4862.0, 5116.0, 5141.0, 5143.0, 5566.0, 5606.0, 5909.0, 5914.0, 6714.0, 6799.0, 6878.0, 7015.0, 7186.0, 7204.0, 7375.0, 7786.0, 7916.0, 8178.0, 8408.0, 8497.0, 8566.0, 8831.0, 8907.0, 9020.0, 9256.0, 9711.0, 9811.0, 9826.0, 9909.0, 10188.0, 10458.0, 10579.0, 22941.0, 23038.0, 23098.0, 23113.0, 23368.0, 23373.0, 23396.0, 23523.0, 23762.0, 25999.0, 26038.0, 26040.0, 26267.0, 27124.0, 29801.0, 29904.0, 29924.0, 50944.0, 51466.0, 53335.0, 54476.0, 54662.0, 55615.0, 55670.0, 55690.0, 57449.0, 57558.0, 57605.0, 57623.0, 57706.0, 57707.0, 57731.0, 57732.0, 64410.0, 65268.0, 65985.0, 80028.0, 80325.0, 80790.0, 81559.0, 83696.0, 84033.0, 84501.0, 84629.0, 84630.0, 84937.0, 85358.0, 85456.0, 94032.0, 115290.0, 115703.0, 138429.0, 145567.0, 146330.0, 148022.0, 157285.0, 254122.0, 261734.0, 342667.0, 440073.0, 541468.0, 727800.0 
GO:0060076 CC 2.20e-06   6/344    33/29122 D04 excitatory synapse                       2902.0, 3675.0, 8927.0, 10458.0, 50944.0, 57555.0 
GO:0005654 CC 3.58e-06  76/344  3804/29122 D02 nucleoplasm                              863.0, 994.0, 2002.0, 2802.0, 2901.0, 3054.0, 3508.0, 3607.0, 4204.0, 4773.0, 4862.0, 5141.0, 5566.0, 5606.0, 5914.0, 6497.0, 6597.0, 6714.0, 6878.0, 7015.0, 7186.0, 7703.0, 7916.0, 8178.0, 8566.0, 9020.0, 9572.0, 9687.0, 9711.0, 9825.0, 9883.0, 9909.0, 10046.0, 10458.0, 10514.0, 10579.0, 10743.0, 23005.0, 23038.0, 23152.0, 23309.0, 23368.0, 23373.0, 23396.0, 23523.0, 23567.0, 26038.0, 26040.0, 29855.0, 29894.0, 53335.0, 54476.0, 54815.0, 55731.0, 57455.0, 57473.0, 57662.0, 57706.0, 57707.0, 58525.0, 63876.0, 63925.0, 79955.0, 80212.0, 80790.0, 81559.0, 83637.0, 84629.0, 84630.0, 84678.0, 94032.0, 140901.0, 261734.0, 440073.0, 727800.0, 752014.0 
GO:0098978 CC 5.56e-06  15/344   313/29122 D04 glutamatergic synapse                    1609.0, 2901.0, 2906.0, 6714.0, 8831.0, 8927.0, 9256.0, 10458.0, 22839.0, 22941.0, 23373.0, 23467.0, 27092.0, 50944.0, 79414.0 
GO:0016604 CC 7.25e-06  15/344   320/29122 D02 nuclear body                             3508.0, 6497.0, 7703.0, 8178.0, 9572.0, 10046.0, 23373.0, 26040.0, 29855.0, 57455.0, 83482.0, 84033.0, 140901.0, 261734.0, 345222.0 
GO:0030424 CC 7.81e-06  15/344   322/29122 D05 axon                                     3508.0, 3645.0, 3748.0, 4137.0, 5909.0, 8408.0, 8927.0, 22859.0, 22983.0, 23098.0, 55238.0, 57449.0, 57549.0, 79414.0, 114783.0 
GO:0043025 CC 1.29e-05  15/344   336/29122 D03 neuronal cell body                       773.0, 2002.0, 3054.0, 4137.0, 5909.0, 6533.0, 10458.0, 22941.0, 22983.0, 23373.0, 55238.0, 57125.0, 57731.0, 83999.0, 84630.0 
GO:0043005 CC 1.34e-05  15/344   337/29122 D04 neuron projection                        2046.0, 2902.0, 4137.0, 6540.0, 6714.0, 7226.0, 8911.0, 8913.0, 22859.0, 22941.0, 22983.0, 26011.0, 50944.0, 85358.0, 284656.0 
GO:0099061 CC 2.99e-05   6/344    51/29122 D08 integral component of postsynaptic density membrane 2901.0, 2906.0, 27092.0, 57497.0, 57622.0, 79414.0 
GO:0045211 CC 3.04e-05   9/344   133/29122 D05 postsynaptic membrane                    2901.0, 2902.0, 3748.0, 22941.0, 50944.0, 57555.0, 85358.0, 440073.0, 729956.0 
GO:0060077 CC 3.11e-05   4/344    16/29122 D04 inhibitory synapse                       1838.0, 57549.0, 57555.0, 440073.0 
GO:0043197 CC 8.19e-05   9/344   151/29122 D06 dendritic spine                          575.0, 2902.0, 4137.0, 5566.0, 9572.0, 22941.0, 29904.0, 50944.0, 85358.0 
GO:0005887 CC 1.14e-04  34/344  1417/29122 D04 integral component of plasma membrane    432.0, 575.0, 949.0, 2046.0, 2826.0, 2902.0, 2906.0, 2914.0, 3274.0, 3362.0, 3645.0, 5032.0, 6533.0, 6540.0, 6573.0, 7036.0, 7226.0, 7433.0, 10461.0, 10500.0, 11255.0, 22859.0, 23415.0, 26011.0, 27092.0, 56098.0, 56135.0, 57198.0, 57555.0, 84033.0, 84133.0, 164312.0, 284656.0, 388931.0 
GO:0030426 CC 1.38e-04   8/344   127/29122 D03 growth cone                              3508.0, 4137.0, 7786.0, 22859.0, 22941.0, 26053.0, 27124.0, 81544.0 
GO:0097470 CC 4.14e-04   2/344     3/29122 D04 ribbon synapse                           57555.0, 261734.0 
GO:0045202 CC 5.03e-04  14/344   418/29122 D03 synapse                                  773.0, 1838.0, 2902.0, 3274.0, 3362.0, 4524.0, 8497.0, 8913.0, 11255.0, 22859.0, 23098.0, 57555.0, 57596.0, 94032.0 
GO:0005515 MF 8.43e-10 204/344 12476/29122 D02 protein binding                          432.0, 575.0, 773.0, 863.0, 949.0, 994.0, 1609.0, 1838.0, 1951.0, 2002.0, 2686.0, 2775.0, 2802.0, 2826.0, 2889.0, 2902.0, 2906.0, 3054.0, 3362.0, 3508.0, 3607.0, 3645.0, 3675.0, 4137.0, 4204.0, 4773.0, 4862.0, 5116.0, 5141.0, 5566.0, 5606.0, 5909.0, 5914.0, 6496.0, 6497.0, 6597.0, 6714.0, 6799.0, 6878.0, 7015.0, 7036.0, 7186.0, 7204.0, 7375.0, 7433.0, 7629.0, 7703.0, 7776.0, 7786.0, 7916.0, 8178.0, 8408.0, 8497.0, 8629.0, 8831.0, 8907.0, 8911.0, 9020.0, 9080.0, 9132.0, 9253.0, 9256.0, 9478.0, 9572.0, 9658.0, 9711.0, 9811.0, 9825.0, 9826.0, 9883.0, 9922.0, 10188.0, 10290.0, 10417.0, 10458.0, 10461.0, 10712.0, 10743.0, 11182.0, 11250.0, 22838.0, 22839.0, 22859.0, 22874.0, 22941.0, 22983.0, 23005.0, 23031.0, 23038.0, 23098.0, 23113.0, 23125.0, 23152.0, 23170.0, 23199.0, 23288.0, 23309.0, 23368.0, 23373.0, 23396.0, 23457.0, 23523.0, 23567.0, 23762.0, 25999.0, 26011.0, 26040.0, 26053.0, 26267.0, 26504.0, 27124.0, 27245.0, 29855.0, 29894.0, 29906.0, 29924.0, 50944.0, 51127.0, 51341.0, 51466.0, 51754.0, 54476.0, 54662.0, 54815.0, 55238.0, 55260.0, 55615.0, 55670.0, 55690.0, 55698.0, 55731.0, 56654.0, 57125.0, 57198.0, 57465.0, 57473.0, 57596.0, 57662.0, 57707.0, 57731.0, 57732.0, 58525.0, 60680.0, 63876.0, 63925.0, 64137.0, 64411.0, 65985.0, 79143.0, 79567.0, 79922.0, 79955.0, 80212.0, 80325.0, 80790.0, 81544.0, 81559.0, 83637.0, 83696.0, 83999.0, 84033.0, 84133.0, 84221.0, 84258.0, 84678.0, 84894.0, 84905.0, 84937.0, 85358.0, 85456.0, 92714.0, 114088.0, 114783.0, 114818.0, 114826.0, 115290.0, 115703.0, 140901.0, 144404.0, 145567.0, 146664.0, 148022.0, 148979.0, 152485.0, 157285.0, 164312.0, 196463.0, 196500.0, 200350.0, 254122.0, 255043.0, 261734.0, 284312.0, 284656.0, 285093.0, 339122.0, 342667.0, 374887.0, 440193.0, 541468.0, 653319.0, 727800.0, 752014.0, 780776.0 
GO:0004712 MF 1.14e-08  22/344   430/29122 D06 protein serine/threonine/tyrosine kinase activity 2046.0, 3645.0, 5566.0, 6714.0, 7204.0, 7786.0, 8408.0, 9020.0, 9024.0, 10188.0, 10290.0, 10461.0, 22983.0, 23031.0, 65268.0, 83694.0, 84033.0, 84630.0, 114783.0, 140901.0, 284656.0, 388228.0 
GO:0004674 MF 3.35e-07  18/344   359/29122 D06 protein serine/threonine kinase activity 5566.0, 5606.0, 7204.0, 7786.0, 8408.0, 9020.0, 9024.0, 10188.0, 10290.0, 22983.0, 23031.0, 65268.0, 83694.0, 84033.0, 84630.0, 114783.0, 140901.0, 388228.0 
GO:0106310 MF 3.35e-07  18/344   359/29122 D06 protein serine kinase activity           5566.0, 5606.0, 7204.0, 7786.0, 8408.0, 9020.0, 9024.0, 10188.0, 10290.0, 22983.0, 23031.0, 65268.0, 83694.0, 84033.0, 84630.0, 114783.0, 140901.0, 388228.0 
GO:0005524 MF 2.21e-06  39/344  1458/29122 D08 ATP binding                              1609.0, 2046.0, 3508.0, 3645.0, 5566.0, 5606.0, 6597.0, 6714.0, 7204.0, 7786.0, 8408.0, 8566.0, 9020.0, 9024.0, 10188.0, 10290.0, 10347.0, 10461.0, 22983.0, 23031.0, 23113.0, 23170.0, 23396.0, 23457.0, 26038.0, 29904.0, 57198.0, 64137.0, 65268.0, 65985.0, 83694.0, 84033.0, 84630.0, 113220.0, 114783.0, 138429.0, 140901.0, 284656.0, 388228.0 
GO:0005085 MF 2.85e-06  13/344   223/29122 D05 guanyl-nucleotide exchange factor activity 2245.0, 2889.0, 7204.0, 9826.0, 9909.0, 9922.0, 23096.0, 51195.0, 57449.0, 57706.0, 84033.0, 440073.0, 440193.0 
GO:0035255 MF 4.99e-06   5/344    22/29122 D05 ionotropic glutamate receptor binding    22941.0, 27092.0, 50944.0, 85358.0, 729956.0 
GO:0030160 MF 6.48e-06   3/344     4/29122 D05 synaptic receptor adaptor activity       22941.0, 50944.0, 85358.0 
GO:0046872 MF 1.27e-05  51/344  2304/29122 D04 metal ion binding                        432.0, 773.0, 863.0, 1609.0, 2245.0, 2775.0, 3268.0, 3675.0, 4862.0, 5141.0, 5143.0, 7015.0, 7375.0, 7629.0, 7701.0, 7703.0, 7776.0, 8927.0, 9658.0, 10188.0, 10417.0, 10743.0, 22838.0, 22901.0, 23113.0, 23467.0, 26038.0, 51341.0, 53335.0, 54476.0, 57452.0, 57473.0, 57623.0, 57732.0, 58525.0, 63925.0, 64411.0, 83482.0, 84033.0, 84133.0, 84905.0, 84937.0, 114783.0, 114826.0, 148979.0, 152485.0, 155185.0, 200312.0, 284312.0, 342667.0, 727800.0 
GO:0017124 MF 1.74e-05   9/344   124/29122 D04 SH3 domain binding                       2889.0, 2901.0, 4137.0, 8831.0, 22941.0, 27124.0, 50944.0, 51466.0, 85358.0 
GO:0004969 MF 3.18e-05   3/344     6/29122 D06 histamine receptor activity              3274.0, 3362.0, 11255.0 
