GO:0022010 BP 9.33e-07   6/859    13/29107 D05 central nervous system myelination       443.0, 745.0, 3766.0, 6663.0, 6900.0, 84504.0 
GO:0006357 BP 2.89e-06  85/859  1600/29107 D10 regulation of transcription by RNA polymerase II 307.0, 672.0, 745.0, 865.0, 1997.0, 1998.0, 3065.0, 3660.0, 4211.0, 4303.0, 4520.0, 4613.0, 4790.0, 4800.0, 4808.0, 4821.0, 5455.0, 5629.0, 6299.0, 6599.0, 6663.0, 6667.0, 6720.0, 6938.0, 7073.0, 7545.0, 7551.0, 7562.0, 7586.0, 7746.0, 7775.0, 7942.0, 8820.0, 9282.0, 9586.0, 9705.0, 9839.0, 9925.0, 10655.0, 10780.0, 10782.0, 11262.0, 22834.0, 22882.0, 23269.0, 23598.0, 26959.0, 27324.0, 30812.0, 50485.0, 51043.0, 51058.0, 51276.0, 51621.0, 55502.0, 55806.0, 57507.0, 57594.0, 58190.0, 58486.0, 64764.0, 80345.0, 81628.0, 84107.0, 84124.0, 84163.0, 84504.0, 91975.0, 116448.0, 147929.0, 148327.0, 163071.0, 163227.0, 200014.0, 221527.0, 254251.0, 283337.0, 284390.0, 285267.0, 285268.0, 339327.0, 342926.0, 349075.0, 389524.0, 619279.0 
GO:0007411 BP 9.14e-06  17/859   166/29107 D04 axon guidance                            1942.0, 2048.0, 3799.0, 3908.0, 4756.0, 4804.0, 5747.0, 5818.0, 6900.0, 7143.0, 7869.0, 9037.0, 10507.0, 54910.0, 57556.0, 64221.0, 219699.0 
GO:0030036 BP 1.39e-05  16/859   154/29107 D06 actin cytoskeleton organization          25.0, 2318.0, 5154.0, 10163.0, 10420.0, 10435.0, 11155.0, 23189.0, 23500.0, 51421.0, 54961.0, 57175.0, 57477.0, 64236.0, 81788.0, 116154.0 
GO:0008285 BP 1.42e-05  30/859   425/29107 D05 negative regulation of cell population proliferation 563.0, 780.0, 1021.0, 1488.0, 2495.0, 3065.0, 3300.0, 3303.0, 3304.0, 4000.0, 4303.0, 5629.0, 5796.0, 6788.0, 7073.0, 7077.0, 7855.0, 9705.0, 10076.0, 10397.0, 11180.0, 23677.0, 28514.0, 51621.0, 79789.0, 80199.0, 84445.0, 162681.0, 196528.0, 388324.0 
GO:0007417 BP 1.49e-05  15/859   138/29107 D04 central nervous system development       2934.0, 4155.0, 4520.0, 4804.0, 4808.0, 5455.0, 6658.0, 6788.0, 7077.0, 7545.0, 10763.0, 55636.0, 60484.0, 65108.0, 84107.0 
GO:0006402 BP 1.68e-05   7/859    29/29107 D08 mRNA catabolic process                   3303.0, 3304.0, 22882.0, 56339.0, 79066.0, 87178.0, 131870.0 
GO:0007015 BP 2.02e-05  14/859   125/29107 D05 actin filament organization              3092.0, 4642.0, 4643.0, 4648.0, 9026.0, 9886.0, 10435.0, 23603.0, 29119.0, 57175.0, 57477.0, 65108.0, 84327.0, 134549.0 
GO:0006915 BP 2.91e-05  35/859   547/29107 D04 apoptotic process                        317.0, 666.0, 825.0, 1793.0, 2263.0, 3092.0, 4671.0, 4790.0, 4808.0, 5023.0, 5414.0, 5794.0, 5977.0, 6242.0, 6446.0, 6788.0, 7073.0, 8717.0, 9026.0, 9274.0, 9618.0, 10018.0, 23239.0, 23604.0, 27324.0, 57448.0, 57556.0, 79156.0, 81788.0, 84957.0, 115584.0, 117584.0, 158471.0, 219699.0, 399694.0 
GO:0006898 BP 3.80e-05  10/859    70/29107 D06 receptor-mediated endocytosis            1785.0, 2017.0, 3643.0, 4036.0, 9026.0, 23431.0, 26119.0, 54413.0, 85377.0, 143458.0 
GO:0001755 BP 4.56e-05   8/859    45/29107 D06 neural crest cell migration              6663.0, 7869.0, 9037.0, 10507.0, 23603.0, 30812.0, 54910.0, 57556.0 
GO:0030100 BP 5.10e-05   7/859    34/29107 D06 regulation of endocytosis                25.0, 274.0, 3092.0, 9026.0, 9765.0, 29763.0, 55680.0 
GO:0014003 BP 5.54e-05   6/859    24/29107 D05 oligodendrocyte development              745.0, 4821.0, 6663.0, 56978.0, 116448.0, 118738.0 
GO:0006897 BP 5.61e-05  17/859   191/29107 D05 endocytosis                              25.0, 274.0, 1238.0, 1755.0, 1785.0, 3092.0, 3959.0, 4036.0, 4643.0, 9026.0, 10163.0, 22905.0, 23048.0, 23677.0, 29763.0, 85377.0, 113419.0 
GO:0090263 BP 5.81e-05  12/859   104/29107 D08 positive regulation of canonical Wnt signaling pathway 1896.0, 2263.0, 3728.0, 4790.0, 8549.0, 9037.0, 9679.0, 9839.0, 23189.0, 23500.0, 55182.0, 84327.0 
GO:0035195 BP 1.60e-06   0/859   557/29107 D10 gene silencing by miRNA                   
GO:0050911 BP 1.58e-05   0/859   401/29107 D05 detection of chemical stimulus involved in sensory perception of smell  
GO:0005912 CC 3.49e-07  20/859   162/29107 D05 adherens junction                        3728.0, 4643.0, 5796.0, 5818.0, 7082.0, 7094.0, 8502.0, 8751.0, 9267.0, 10397.0, 11135.0, 11155.0, 23150.0, 28514.0, 29119.0, 57477.0, 64236.0, 84966.0, 84978.0, 134549.0 
GO:0005856 CC 1.29e-06  38/859   401/29107 D05 cytoskeleton                             274.0, 1896.0, 2017.0, 2166.0, 2318.0, 3092.0, 3728.0, 3996.0, 4355.0, 4643.0, 4660.0, 5747.0, 7094.0, 8502.0, 8717.0, 8871.0, 9026.0, 9463.0, 9618.0, 9886.0, 9961.0, 10083.0, 10435.0, 11135.0, 11155.0, 23048.0, 23150.0, 23189.0, 26064.0, 29119.0, 54961.0, 55062.0, 56882.0, 57475.0, 65108.0, 80199.0, 84978.0, 163782.0 
GO:0048471 CC 2.62e-06  47/859   713/29107 D02 perinuclear region of cytoplasm          25.0, 307.0, 392.0, 1785.0, 3065.0, 3303.0, 3304.0, 3673.0, 3799.0, 4336.0, 5025.0, 5337.0, 5730.0, 6494.0, 6810.0, 7855.0, 8502.0, 8677.0, 8693.0, 8862.0, 8871.0, 8987.0, 9026.0, 9053.0, 9463.0, 9618.0, 9625.0, 9961.0, 10103.0, 10397.0, 11145.0, 11155.0, 22794.0, 23242.0, 23405.0, 26259.0, 27185.0, 57175.0, 57467.0, 57580.0, 57698.0, 64419.0, 79156.0, 84957.0, 113451.0, 253190.0, 399664.0 
GO:0005654 CC 3.44e-06 166/859  3805/29107 D02 nucleoplasm                              25.0, 35.0, 37.0, 672.0, 745.0, 865.0, 1021.0, 1238.0, 1793.0, 1936.0, 1997.0, 1998.0, 2048.0, 2178.0, 2187.0, 3065.0, 3303.0, 3304.0, 3660.0, 3669.0, 4000.0, 4125.0, 4174.0, 4176.0, 4303.0, 4361.0, 4520.0, 4613.0, 4660.0, 4756.0, 4790.0, 4800.0, 4804.0, 4821.0, 4940.0, 5287.0, 5414.0, 5422.0, 5427.0, 5455.0, 5564.0, 5629.0, 5698.0, 5977.0, 6299.0, 6430.0, 6446.0, 6470.0, 6502.0, 6599.0, 6658.0, 6663.0, 6667.0, 6720.0, 6938.0, 7073.0, 7289.0, 7353.0, 7508.0, 7545.0, 7775.0, 7994.0, 8086.0, 8110.0, 8243.0, 8345.0, 8549.0, 8555.0, 8605.0, 9130.0, 9282.0, 9328.0, 9618.0, 9839.0, 10051.0, 10103.0, 10362.0, 10420.0, 10425.0, 10622.0, 10734.0, 11066.0, 11100.0, 22794.0, 22882.0, 22900.0, 23001.0, 23091.0, 23220.0, 23269.0, 23379.0, 23598.0, 26064.0, 26147.0, 26959.0, 27129.0, 27324.0, 29072.0, 29995.0, 50485.0, 50717.0, 51043.0, 51131.0, 51244.0, 51497.0, 51523.0, 51585.0, 51741.0, 54853.0, 54880.0, 54960.0, 55037.0, 55619.0, 55636.0, 55677.0, 55719.0, 55793.0, 55806.0, 55902.0, 56339.0, 56904.0, 57477.0, 57594.0, 57673.0, 57804.0, 58190.0, 58490.0, 64328.0, 64421.0, 64506.0, 64745.0, 64764.0, 64852.0, 65258.0, 79710.0, 80895.0, 81844.0, 84081.0, 84101.0, 84181.0, 84515.0, 84722.0, 84872.0, 84957.0, 89958.0, 91833.0, 91975.0, 92105.0, 92689.0, 116154.0, 117584.0, 118611.0, 131870.0, 146956.0, 148327.0, 152503.0, 196528.0, 200014.0, 201292.0, 221527.0, 254827.0, 284119.0, 353116.0, 387893.0, 388324.0, 389524.0 
GO:0005886 CC 3.83e-06 191/859  4487/29107 D03 plasma membrane                          55.0, 93.0, 100.0, 221.0, 274.0, 307.0, 672.0, 683.0, 780.0, 825.0, 976.0, 1238.0, 1312.0, 1368.0, 1497.0, 1785.0, 1896.0, 1902.0, 1942.0, 2017.0, 2048.0, 2065.0, 2263.0, 2318.0, 2934.0, 3249.0, 3303.0, 3304.0, 3643.0, 3656.0, 3673.0, 3728.0, 3766.0, 3993.0, 3996.0, 4036.0, 4134.0, 4155.0, 4179.0, 4642.0, 4643.0, 4651.0, 4684.0, 4756.0, 4804.0, 4919.0, 4940.0, 5023.0, 5025.0, 5027.0, 5046.0, 5269.0, 5287.0, 5337.0, 5338.0, 5747.0, 5796.0, 5818.0, 5923.0, 5998.0, 6236.0, 6446.0, 6522.0, 6536.0, 6579.0, 6810.0, 6868.0, 6900.0, 7082.0, 7094.0, 7289.0, 7439.0, 7508.0, 7855.0, 8291.0, 8437.0, 8502.0, 8549.0, 8605.0, 8717.0, 8751.0, 8777.0, 8871.0, 8987.0, 9026.0, 9037.0, 9127.0, 9267.0, 9424.0, 9454.0, 9463.0, 9618.0, 9725.0, 9846.0, 9873.0, 9886.0, 10076.0, 10083.0, 10103.0, 10278.0, 10351.0, 10397.0, 10435.0, 10507.0, 10991.0, 11119.0, 11135.0, 11145.0, 11180.0, 11322.0, 22795.0, 22905.0, 23001.0, 23048.0, 23120.0, 23189.0, 23239.0, 23242.0, 23308.0, 23612.0, 26022.0, 26119.0, 27106.0, 28232.0, 28514.0, 29763.0, 51421.0, 51741.0, 54413.0, 54899.0, 55037.0, 55315.0, 55652.0, 55701.0, 55704.0, 55914.0, 56882.0, 56996.0, 57153.0, 57175.0, 57509.0, 57580.0, 57584.0, 60401.0, 63895.0, 64221.0, 65108.0, 79602.0, 79628.0, 79633.0, 79957.0, 80005.0, 80820.0, 84068.0, 84445.0, 84957.0, 85407.0, 85414.0, 89853.0, 90861.0, 91010.0, 91663.0, 94015.0, 94235.0, 114798.0, 115019.0, 115584.0, 117584.0, 118611.0, 121227.0, 121601.0, 140803.0, 143425.0, 143458.0, 147495.0, 150159.0, 152503.0, 154881.0, 196528.0, 196740.0, 201266.0, 219699.0, 221184.0, 221914.0, 284119.0, 286204.0, 338328.0, 353116.0, 353345.0, 399694.0, 643965.0 
GO:0005737 CC 4.47e-06 226/859  4681/29107 D02 cytoplasm                                25.0, 93.0, 105.0, 143.0, 204.0, 221.0, 274.0, 307.0, 392.0, 666.0, 672.0, 825.0, 1021.0, 1270.0, 1573.0, 1755.0, 1785.0, 1793.0, 1806.0, 1841.0, 1902.0, 1936.0, 2017.0, 2263.0, 2318.0, 2356.0, 2495.0, 2584.0, 2934.0, 3065.0, 3092.0, 3303.0, 3304.0, 3656.0, 3669.0, 3728.0, 3993.0, 3996.0, 4303.0, 4355.0, 4361.0, 4520.0, 4642.0, 4643.0, 4648.0, 4660.0, 4671.0, 4752.0, 4790.0, 4919.0, 4940.0, 5027.0, 5051.0, 5269.0, 5287.0, 5564.0, 5629.0, 5635.0, 5747.0, 5794.0, 6299.0, 6446.0, 6449.0, 6470.0, 6494.0, 6599.0, 6667.0, 6720.0, 6788.0, 6868.0, 6938.0, 7073.0, 7082.0, 7444.0, 7508.0, 7545.0, 7726.0, 7942.0, 8502.0, 8537.0, 8555.0, 8717.0, 8738.0, 8777.0, 9127.0, 9267.0, 9448.0, 9454.0, 9463.0, 9473.0, 9618.0, 9669.0, 9846.0, 9895.0, 9961.0, 10072.0, 10083.0, 10103.0, 10226.0, 10278.0, 10397.0, 10420.0, 10425.0, 10435.0, 10561.0, 10566.0, 10763.0, 10782.0, 11135.0, 11145.0, 11180.0, 11240.0, 11322.0, 22846.0, 22900.0, 23001.0, 23150.0, 23189.0, 23239.0, 23303.0, 23405.0, 23604.0, 23612.0, 23677.0, 24139.0, 27106.0, 27129.0, 27296.0, 29063.0, 29763.0, 29926.0, 29995.0, 30812.0, 50717.0, 51585.0, 51741.0, 54853.0, 54893.0, 54899.0, 54952.0, 54960.0, 54961.0, 55062.0, 55171.0, 55182.0, 55223.0, 55614.0, 55619.0, 55680.0, 55704.0, 55841.0, 55902.0, 55914.0, 56339.0, 56882.0, 56904.0, 56957.0, 57060.0, 57175.0, 57477.0, 57509.0, 57698.0, 58473.0, 63929.0, 64135.0, 64328.0, 64506.0, 64901.0, 65108.0, 78996.0, 79066.0, 79789.0, 79987.0, 80005.0, 80199.0, 80725.0, 81788.0, 81844.0, 81930.0, 83543.0, 84101.0, 84327.0, 84722.0, 84872.0, 85407.0, 85417.0, 87178.0, 91010.0, 92291.0, 113451.0, 117283.0, 117584.0, 118611.0, 122622.0, 122773.0, 125061.0, 131870.0, 132864.0, 146857.0, 147138.0, 154043.0, 154881.0, 158471.0, 161176.0, 163782.0, 168448.0, 200316.0, 201266.0, 201627.0, 220296.0, 220972.0, 221184.0, 221458.0, 222166.0, 284119.0, 286204.0, 340371.0, 353116.0, 388324.0, 389084.0, 389337.0, 400961.0, 645121.0, 728113.0, 768206.0, 100128908.0 
GO:0005634 CC 4.96e-06 243/859  5367/29107 D05 nucleus                                  25.0, 35.0, 55.0, 143.0, 274.0, 307.0, 443.0, 563.0, 666.0, 672.0, 745.0, 825.0, 1021.0, 1488.0, 1785.0, 1841.0, 1936.0, 1997.0, 1998.0, 2178.0, 2263.0, 2495.0, 2934.0, 3065.0, 3092.0, 3300.0, 3303.0, 3304.0, 3656.0, 3660.0, 3669.0, 3673.0, 3728.0, 4000.0, 4155.0, 4174.0, 4176.0, 4211.0, 4303.0, 4337.0, 4361.0, 4520.0, 4613.0, 4752.0, 4790.0, 4800.0, 4808.0, 4821.0, 5414.0, 5422.0, 5455.0, 5564.0, 5629.0, 5747.0, 5977.0, 5998.0, 6299.0, 6446.0, 6449.0, 6470.0, 6494.0, 6502.0, 6599.0, 6663.0, 6667.0, 6720.0, 6788.0, 6938.0, 7073.0, 7289.0, 7353.0, 7444.0, 7508.0, 7545.0, 7551.0, 7562.0, 7586.0, 7726.0, 7746.0, 7942.0, 7994.0, 8086.0, 8243.0, 8345.0, 8502.0, 8555.0, 8717.0, 8738.0, 8820.0, 8839.0, 9130.0, 9282.0, 9473.0, 9586.0, 9618.0, 9679.0, 9705.0, 9745.0, 9839.0, 9925.0, 9961.0, 10051.0, 10362.0, 10397.0, 10420.0, 10425.0, 10566.0, 10622.0, 10655.0, 10732.0, 10734.0, 10780.0, 11066.0, 11100.0, 11240.0, 11262.0, 22794.0, 22834.0, 22882.0, 22900.0, 22913.0, 23189.0, 23239.0, 23351.0, 23405.0, 23598.0, 23604.0, 23677.0, 26147.0, 26959.0, 27129.0, 27185.0, 27296.0, 27324.0, 29072.0, 29104.0, 29995.0, 30812.0, 50485.0, 50717.0, 51058.0, 51131.0, 51244.0, 51276.0, 51523.0, 51621.0, 51741.0, 54108.0, 54880.0, 54908.0, 54952.0, 54960.0, 54961.0, 55063.0, 55502.0, 55544.0, 55619.0, 55636.0, 55677.0, 55680.0, 55719.0, 55914.0, 56339.0, 56957.0, 56978.0, 57060.0, 57448.0, 57478.0, 57507.0, 57509.0, 57594.0, 58190.0, 58490.0, 58504.0, 58526.0, 64077.0, 64135.0, 64236.0, 64506.0, 64761.0, 64764.0, 78995.0, 78996.0, 79066.0, 79156.0, 79830.0, 79879.0, 79987.0, 80345.0, 80895.0, 81628.0, 81930.0, 83607.0, 83983.0, 84057.0, 84081.0, 84101.0, 84107.0, 84124.0, 84163.0, 84504.0, 84515.0, 85369.0, 85417.0, 87178.0, 89853.0, 90861.0, 91133.0, 91975.0, 92105.0, 113451.0, 114825.0, 116448.0, 117283.0, 118738.0, 125061.0, 127428.0, 131870.0, 132864.0, 147929.0, 148327.0, 148398.0, 163071.0, 163227.0, 200014.0, 200316.0, 201266.0, 201973.0, 221184.0, 254251.0, 283337.0, 284119.0, 284390.0, 285267.0, 285268.0, 339327.0, 342926.0, 349075.0, 388324.0, 389524.0, 399664.0, 619279.0, 645121.0 
GO:0005829 CC 5.41e-06 243/859  5294/29107 D02 cytosol                                  25.0, 55.0, 100.0, 143.0, 221.0, 272.0, 274.0, 317.0, 369.0, 392.0, 443.0, 706.0, 745.0, 825.0, 1021.0, 1238.0, 1312.0, 1783.0, 1785.0, 1793.0, 1806.0, 1841.0, 1936.0, 1998.0, 2017.0, 2048.0, 2318.0, 2342.0, 2356.0, 2495.0, 2549.0, 2584.0, 2934.0, 2954.0, 3065.0, 3092.0, 3300.0, 3303.0, 3304.0, 3656.0, 3660.0, 3728.0, 3799.0, 3991.0, 3993.0, 4000.0, 4134.0, 4155.0, 4174.0, 4176.0, 4303.0, 4337.0, 4361.0, 4634.0, 4642.0, 4651.0, 4660.0, 4684.0, 4790.0, 4804.0, 4940.0, 5151.0, 5210.0, 5269.0, 5287.0, 5414.0, 5422.0, 5564.0, 5629.0, 5698.0, 5747.0, 5866.0, 5923.0, 5977.0, 5998.0, 6236.0, 6242.0, 6430.0, 6446.0, 6449.0, 6468.0, 6470.0, 6494.0, 6502.0, 6720.0, 6788.0, 6810.0, 6868.0, 7082.0, 7094.0, 7109.0, 7353.0, 7439.0, 7456.0, 7508.0, 7726.0, 7775.0, 7942.0, 7994.0, 8086.0, 8243.0, 8345.0, 8437.0, 8495.0, 8605.0, 8677.0, 8717.0, 8738.0, 8871.0, 9026.0, 9053.0, 9179.0, 9267.0, 9454.0, 9463.0, 9618.0, 9669.0, 9710.0, 9765.0, 9839.0, 9846.0, 9961.0, 10018.0, 10051.0, 10072.0, 10083.0, 10163.0, 10226.0, 10397.0, 10435.0, 10622.0, 11077.0, 11135.0, 11145.0, 11180.0, 11240.0, 22794.0, 22821.0, 22882.0, 22900.0, 22905.0, 22989.0, 23001.0, 23048.0, 23220.0, 23239.0, 23303.0, 23405.0, 26030.0, 26058.0, 26064.0, 26119.0, 26259.0, 27147.0, 27185.0, 27324.0, 29104.0, 29119.0, 29763.0, 29886.0, 50717.0, 51421.0, 51523.0, 51741.0, 54492.0, 54820.0, 54858.0, 54893.0, 54899.0, 54908.0, 54960.0, 55037.0, 55062.0, 55223.0, 55544.0, 55614.0, 55619.0, 55701.0, 55704.0, 55793.0, 55841.0, 55902.0, 56904.0, 56957.0, 57010.0, 57060.0, 57175.0, 57571.0, 57580.0, 57584.0, 57594.0, 57636.0, 58504.0, 58526.0, 63929.0, 64077.0, 64135.0, 64328.0, 64419.0, 64506.0, 64793.0, 64852.0, 79178.0, 80005.0, 80176.0, 80254.0, 80895.0, 81844.0, 81930.0, 84327.0, 84445.0, 84515.0, 84722.0, 84727.0, 84886.0, 84942.0, 85369.0, 87178.0, 89853.0, 89958.0, 90861.0, 91010.0, 92689.0, 94274.0, 113451.0, 114793.0, 117283.0, 117584.0, 118611.0, 122622.0, 122773.0, 125061.0, 152503.0, 154881.0, 163782.0, 163786.0, 196743.0, 201292.0, 201627.0, 284119.0, 353116.0, 373156.0, 387893.0 
GO:0030424 CC 2.93e-05  24/859   318/29107 D05 axon                                     274.0, 1270.0, 1312.0, 2048.0, 3643.0, 3996.0, 4036.0, 4134.0, 4642.0, 4752.0, 5414.0, 6900.0, 7855.0, 9053.0, 23001.0, 23242.0, 23303.0, 26119.0, 57556.0, 57698.0, 64221.0, 80725.0, 113451.0, 220296.0 
GO:0030864 CC 6.32e-05   8/859    47/29107 D07 cortical actin cytoskeleton              2017.0, 2934.0, 3993.0, 3996.0, 4336.0, 57477.0, 91663.0, 134549.0 
GO:0005871 CC 7.38e-05   8/859    48/29107 D03 kinesin complex                          3799.0, 23303.0, 27185.0, 54820.0, 55614.0, 63971.0, 81930.0, 221458.0 
GO:0001726 CC 1.03e-04  11/859    94/29107 D04 ruffle                                   1021.0, 2017.0, 4651.0, 7094.0, 7456.0, 10163.0, 23150.0, 23242.0, 64419.0, 81930.0, 91663.0 
GO:0015629 CC 1.35e-04  19/859   245/29107 D06 actin cytoskeleton                       25.0, 274.0, 2934.0, 3728.0, 4642.0, 4643.0, 4648.0, 6868.0, 7456.0, 10163.0, 23603.0, 27129.0, 27147.0, 54492.0, 57477.0, 57584.0, 80725.0, 83543.0, 118611.0 
GO:0005639 CC 1.38e-04   5/859    18/29107 D05 integral component of nuclear inner membrane 5023.0, 5025.0, 5027.0, 9127.0, 25777.0 
GO:0005938 CC 1.40e-04  14/859   149/29107 D03 cell cortex                              2017.0, 2263.0, 4642.0, 4651.0, 5747.0, 8605.0, 9026.0, 9886.0, 23048.0, 23242.0, 23245.0, 23603.0, 26064.0, 285527.0 
GO:0032588 CC 1.65e-04  11/859    99/29107 D04 trans-Golgi network membrane             666.0, 3996.0, 8549.0, 8677.0, 9179.0, 9463.0, 10066.0, 23431.0, 55858.0, 63971.0, 84283.0 
GO:0031982 CC 2.95e-04  14/859   160/29107 D04 vesicle                                  221.0, 274.0, 3303.0, 3304.0, 3799.0, 4642.0, 4643.0, 4648.0, 8677.0, 10103.0, 23603.0, 26058.0, 84445.0, 89853.0 
GO:0043296 CC 3.84e-04   5/859    22/29107 D05 apical junction complex                  5818.0, 7082.0, 57477.0, 89958.0, 134549.0 
GO:0043231 CC 3.94e-04  44/859   846/29107 D04 intracellular membrane-bounded organelle 706.0, 1238.0, 1312.0, 1497.0, 1573.0, 1896.0, 2017.0, 3092.0, 3993.0, 4125.0, 4940.0, 5287.0, 5427.0, 5747.0, 5796.0, 5818.0, 5977.0, 6938.0, 7508.0, 7775.0, 9026.0, 9725.0, 9765.0, 10066.0, 10103.0, 10351.0, 10715.0, 22905.0, 22989.0, 23048.0, 23239.0, 23604.0, 29886.0, 55315.0, 55719.0, 55858.0, 55902.0, 57477.0, 91010.0, 129531.0, 200014.0, 201627.0, 220002.0, 284119.0 
GO:0070062 CC 4.52e-04  92/859  2169/29107 D06 extracellular exosome                    55.0, 143.0, 204.0, 221.0, 307.0, 317.0, 392.0, 563.0, 683.0, 706.0, 780.0, 976.0, 1312.0, 1368.0, 1497.0, 1573.0, 1755.0, 1785.0, 2495.0, 2584.0, 2934.0, 3249.0, 3303.0, 3304.0, 3643.0, 3728.0, 3959.0, 4036.0, 4124.0, 4125.0, 4179.0, 4642.0, 4643.0, 4669.0, 5025.0, 5151.0, 5269.0, 5698.0, 5730.0, 6470.0, 6810.0, 7094.0, 8291.0, 8345.0, 8537.0, 8693.0, 8751.0, 8985.0, 9037.0, 9179.0, 9586.0, 9725.0, 9961.0, 10066.0, 10072.0, 10103.0, 10163.0, 10397.0, 11240.0, 11322.0, 22795.0, 23308.0, 23405.0, 23500.0, 23677.0, 26022.0, 29763.0, 29926.0, 55619.0, 56996.0, 57153.0, 57175.0, 57636.0, 58190.0, 64856.0, 65108.0, 79633.0, 80199.0, 83543.0, 83986.0, 84572.0, 85369.0, 89853.0, 113189.0, 115019.0, 129531.0, 147138.0, 163071.0, 221184.0, 286204.0, 373156.0, 375035.0 
GO:0051015 MF 3.40e-07  28/859   211/29107 D05 actin filament binding                   25.0, 274.0, 2017.0, 2318.0, 2934.0, 3092.0, 4642.0, 4643.0, 4648.0, 4651.0, 7094.0, 9026.0, 9463.0, 10083.0, 22989.0, 23603.0, 29119.0, 57175.0, 57477.0, 57698.0, 65108.0, 79789.0, 83543.0, 91010.0, 114793.0, 122622.0, 134549.0, 161176.0 
GO:0035091 MF 7.63e-07  14/859    95/29107 D04 phosphatidylinositol binding             3092.0, 4643.0, 5287.0, 5337.0, 5338.0, 7094.0, 7289.0, 9026.0, 29886.0, 54899.0, 55704.0, 79156.0, 92017.0, 129531.0 
GO:0003677 MF 2.25e-06  59/859   921/29107 D04 DNA binding                              25.0, 143.0, 672.0, 1936.0, 3660.0, 4176.0, 4211.0, 4303.0, 4361.0, 4520.0, 4613.0, 4800.0, 5422.0, 5427.0, 5450.0, 5629.0, 6651.0, 6658.0, 6663.0, 6667.0, 6720.0, 7073.0, 7551.0, 7726.0, 7994.0, 8243.0, 8345.0, 8820.0, 9328.0, 10362.0, 10732.0, 11262.0, 22882.0, 23405.0, 23598.0, 26147.0, 30812.0, 54108.0, 56957.0, 56978.0, 57060.0, 57594.0, 58486.0, 64135.0, 79725.0, 80816.0, 80820.0, 84107.0, 84163.0, 84181.0, 84327.0, 84504.0, 118738.0, 146956.0, 157777.0, 196528.0, 199745.0, 254251.0, 389524.0 
GO:0000981 MF 2.79e-06  70/859  1241/29107 D03 DNA-binding transcription factor activity, RNA polymerase II-specific 745.0, 1997.0, 1998.0, 3660.0, 4211.0, 4303.0, 4520.0, 4613.0, 4790.0, 4800.0, 4808.0, 4821.0, 5455.0, 5629.0, 6299.0, 6658.0, 6663.0, 6667.0, 6720.0, 6938.0, 7545.0, 7551.0, 7562.0, 7586.0, 7746.0, 7775.0, 7942.0, 8820.0, 9586.0, 9705.0, 9745.0, 9839.0, 9925.0, 10655.0, 10732.0, 10780.0, 10782.0, 11262.0, 22834.0, 22882.0, 23269.0, 26959.0, 30812.0, 51043.0, 51276.0, 51621.0, 55502.0, 57594.0, 58486.0, 64764.0, 80345.0, 84107.0, 84124.0, 84163.0, 84327.0, 84504.0, 91975.0, 116448.0, 147929.0, 148327.0, 163071.0, 163227.0, 200014.0, 283337.0, 285267.0, 285268.0, 339327.0, 342926.0, 349075.0, 389524.0 
GO:0046872 MF 3.26e-06 119/859  2297/29107 D04 metal ion binding                        93.0, 105.0, 272.0, 369.0, 443.0, 780.0, 1806.0, 2356.0, 3669.0, 3673.0, 4122.0, 4124.0, 4125.0, 4337.0, 4520.0, 4671.0, 4752.0, 4940.0, 5151.0, 5977.0, 6299.0, 6667.0, 6868.0, 7545.0, 7562.0, 7586.0, 7681.0, 7726.0, 7746.0, 7775.0, 8437.0, 8751.0, 9463.0, 9586.0, 9669.0, 9745.0, 9765.0, 9839.0, 9925.0, 10420.0, 10655.0, 10780.0, 10782.0, 11155.0, 11262.0, 22821.0, 22834.0, 22882.0, 23001.0, 23091.0, 23239.0, 23405.0, 23598.0, 25961.0, 26147.0, 29072.0, 51043.0, 51058.0, 51131.0, 51276.0, 51621.0, 54492.0, 55182.0, 55253.0, 55568.0, 55680.0, 55806.0, 56978.0, 57507.0, 57571.0, 58190.0, 58486.0, 64077.0, 64236.0, 64506.0, 64761.0, 64852.0, 79156.0, 79602.0, 79695.0, 79725.0, 80345.0, 80742.0, 80816.0, 80895.0, 83440.0, 84107.0, 84124.0, 84327.0, 84872.0, 85377.0, 91975.0, 94059.0, 115209.0, 117248.0, 117584.0, 118738.0, 140803.0, 146956.0, 147929.0, 158471.0, 163071.0, 163227.0, 196528.0, 199745.0, 220002.0, 221184.0, 221527.0, 283337.0, 284390.0, 285267.0, 285268.0, 339327.0, 340075.0, 342926.0, 349075.0, 399664.0, 619279.0, 100128908.0 
GO:0000978 MF 3.68e-06  65/859  1178/29107 D09 RNA polymerase II cis-regulatory region sequence-specific DNA binding 1997.0, 3065.0, 3660.0, 4211.0, 4303.0, 4520.0, 4613.0, 4790.0, 4800.0, 4808.0, 4821.0, 5455.0, 5629.0, 6299.0, 6658.0, 6663.0, 6667.0, 6720.0, 6938.0, 7545.0, 7562.0, 7586.0, 7746.0, 7775.0, 7942.0, 8820.0, 9586.0, 9705.0, 9745.0, 9839.0, 9925.0, 10655.0, 10732.0, 10780.0, 10782.0, 22834.0, 23269.0, 23598.0, 26959.0, 30812.0, 51043.0, 51058.0, 51276.0, 51621.0, 55502.0, 55636.0, 80345.0, 84107.0, 84124.0, 84504.0, 91975.0, 116448.0, 147929.0, 148327.0, 163071.0, 163227.0, 200014.0, 221527.0, 283337.0, 284390.0, 285268.0, 339327.0, 342926.0, 349075.0, 619279.0 
GO:0045159 MF 4.93e-06   5/859    10/29107 D05 myosin II binding                        2934.0, 3993.0, 3996.0, 57477.0, 134549.0 
GO:0005515 MF 6.05e-06 532/859 12417/29107 D02 protein binding                          25.0, 37.0, 55.0, 93.0, 100.0, 143.0, 204.0, 221.0, 272.0, 274.0, 307.0, 317.0, 369.0, 392.0, 443.0, 563.0, 666.0, 672.0, 706.0, 780.0, 825.0, 865.0, 976.0, 1021.0, 1238.0, 1270.0, 1298.0, 1312.0, 1488.0, 1515.0, 1717.0, 1755.0, 1785.0, 1793.0, 1806.0, 1896.0, 1902.0, 1936.0, 1942.0, 1997.0, 1998.0, 2017.0, 2048.0, 2055.0, 2065.0, 2166.0, 2187.0, 2263.0, 2318.0, 2329.0, 2342.0, 2495.0, 2549.0, 2584.0, 2934.0, 2954.0, 3065.0, 3092.0, 3249.0, 3300.0, 3303.0, 3304.0, 3592.0, 3643.0, 3656.0, 3660.0, 3673.0, 3728.0, 3766.0, 3799.0, 3959.0, 3991.0, 3993.0, 3996.0, 4000.0, 4036.0, 4134.0, 4146.0, 4155.0, 4174.0, 4176.0, 4179.0, 4211.0, 4303.0, 4336.0, 4355.0, 4361.0, 4520.0, 4613.0, 4643.0, 4648.0, 4651.0, 4660.0, 4671.0, 4684.0, 4752.0, 4756.0, 4790.0, 4800.0, 4804.0, 4808.0, 4821.0, 4919.0, 4940.0, 5023.0, 5025.0, 5027.0, 5046.0, 5154.0, 5210.0, 5287.0, 5337.0, 5338.0, 5414.0, 5422.0, 5427.0, 5450.0, 5564.0, 5629.0, 5635.0, 5698.0, 5730.0, 5747.0, 5794.0, 5796.0, 5818.0, 5866.0, 5977.0, 5998.0, 6236.0, 6242.0, 6273.0, 6299.0, 6352.0, 6430.0, 6440.0, 6446.0, 6449.0, 6468.0, 6470.0, 6494.0, 6502.0, 6599.0, 6651.0, 6658.0, 6663.0, 6667.0, 6720.0, 6788.0, 6810.0, 6868.0, 6900.0, 6938.0, 7077.0, 7082.0, 7094.0, 7109.0, 7289.0, 7353.0, 7444.0, 7456.0, 7508.0, 7545.0, 7551.0, 7586.0, 7681.0, 7726.0, 7746.0, 7775.0, 7855.0, 7942.0, 7994.0, 8086.0, 8243.0, 8291.0, 8345.0, 8495.0, 8502.0, 8549.0, 8555.0, 8605.0, 8677.0, 8693.0, 8717.0, 8738.0, 8751.0, 8777.0, 8820.0, 8839.0, 8871.0, 8985.0, 8987.0, 9026.0, 9053.0, 9130.0, 9179.0, 9200.0, 9267.0, 9282.0, 9328.0, 9448.0, 9454.0, 9463.0, 9473.0, 9586.0, 9618.0, 9625.0, 9669.0, 9710.0, 9725.0, 9765.0, 9839.0, 9846.0, 9873.0, 9886.0, 9895.0, 9925.0, 9961.0, 10018.0, 10051.0, 10066.0, 10072.0, 10076.0, 10083.0, 10103.0, 10163.0, 10226.0, 10278.0, 10362.0, 10397.0, 10420.0, 10425.0, 10435.0, 10507.0, 10561.0, 10566.0, 10622.0, 10655.0, 10763.0, 10782.0, 11077.0, 11100.0, 11119.0, 11135.0, 11145.0, 11155.0, 11180.0, 11262.0, 11322.0, 22794.0, 22795.0, 22834.0, 22846.0, 22882.0, 22900.0, 22905.0, 22913.0, 23001.0, 23048.0, 23061.0, 23091.0, 23120.0, 23127.0, 23189.0, 23239.0, 23242.0, 23269.0, 23303.0, 23308.0, 23351.0, 23379.0, 23405.0, 23431.0, 23603.0, 23604.0, 23677.0, 24139.0, 25777.0, 26022.0, 26058.0, 26064.0, 26119.0, 26147.0, 26259.0, 26959.0, 27106.0, 27129.0, 27185.0, 27291.0, 27296.0, 27324.0, 28514.0, 29072.0, 29104.0, 29119.0, 29763.0, 29886.0, 29926.0, 29995.0, 30850.0, 50485.0, 50717.0, 51043.0, 51058.0, 51131.0, 51244.0, 51421.0, 51497.0, 51621.0, 51741.0, 54108.0, 54413.0, 54492.0, 54820.0, 54880.0, 54908.0, 54910.0, 54952.0, 54960.0, 54961.0, 55037.0, 55062.0, 55106.0, 55171.0, 55182.0, 55223.0, 55281.0, 55315.0, 55374.0, 55502.0, 55526.0, 55544.0, 55619.0, 55622.0, 55636.0, 55652.0, 55669.0, 55677.0, 55704.0, 55719.0, 55793.0, 55806.0, 55914.0, 56339.0, 56895.0, 56904.0, 56957.0, 56978.0, 57175.0, 57448.0, 57467.0, 57493.0, 57556.0, 57580.0, 57584.0, 57673.0, 57698.0, 57804.0, 58190.0, 58473.0, 58490.0, 58504.0, 58526.0, 60401.0, 60484.0, 60686.0, 63929.0, 63971.0, 64077.0, 64093.0, 64135.0, 64221.0, 64236.0, 64328.0, 64419.0, 64421.0, 64506.0, 64745.0, 64793.0, 64852.0, 65108.0, 65258.0, 78995.0, 78996.0, 79152.0, 79156.0, 79165.0, 79178.0, 79602.0, 79633.0, 79710.0, 79879.0, 79899.0, 79957.0, 80005.0, 80176.0, 80199.0, 80227.0, 80254.0, 80345.0, 80346.0, 80725.0, 80742.0, 80820.0, 80895.0, 81628.0, 81788.0, 81844.0, 81888.0, 81930.0, 83983.0, 84034.0, 84057.0, 84081.0, 84101.0, 84124.0, 84163.0, 84283.0, 84445.0, 84515.0, 84722.0, 84727.0, 84872.0, 84957.0, 84978.0, 85369.0, 85377.0, 85407.0, 85417.0, 85461.0, 87178.0, 89853.0, 89958.0, 91133.0, 91369.0, 91663.0, 91833.0, 91975.0, 92105.0, 92689.0, 92960.0, 94015.0, 94235.0, 112817.0, 113451.0, 114798.0, 114825.0, 115584.0, 115817.0, 116154.0, 116236.0, 116448.0, 117248.0, 117283.0, 117584.0, 118738.0, 121227.0, 125061.0, 127428.0, 129531.0, 132228.0, 135932.0, 140803.0, 143425.0, 143684.0, 146956.0, 147138.0, 147495.0, 148327.0, 148398.0, 152503.0, 152756.0, 154043.0, 154881.0, 157777.0, 158427.0, 159013.0, 159195.0, 160335.0, 161176.0, 162681.0, 163071.0, 163227.0, 163782.0, 163786.0, 196528.0, 196740.0, 199745.0, 200014.0, 200316.0, 201973.0, 219699.0, 220002.0, 220108.0, 220972.0, 221184.0, 221458.0, 221527.0, 221914.0, 222166.0, 245812.0, 254251.0, 254827.0, 255394.0, 283337.0, 284119.0, 284390.0, 285527.0, 286204.0, 286262.0, 338328.0, 340075.0, 348378.0, 348487.0, 348938.0, 353116.0, 353345.0, 373156.0, 375035.0, 387521.0, 387893.0, 388324.0, 388969.0, 389084.0, 389524.0, 392636.0, 399694.0, 400961.0, 404093.0, 554249.0, 619279.0, 643008.0 
GO:0042802 MF 9.18e-06  75/859  1494/29107 D03 identical protein binding                37.0, 55.0, 274.0, 307.0, 317.0, 443.0, 1783.0, 2048.0, 2065.0, 2954.0, 3799.0, 4303.0, 4361.0, 4790.0, 5023.0, 5025.0, 5027.0, 5414.0, 5635.0, 5818.0, 5866.0, 6273.0, 6352.0, 6440.0, 6449.0, 6470.0, 6502.0, 6663.0, 6667.0, 6788.0, 6900.0, 7439.0, 7551.0, 7681.0, 8495.0, 8717.0, 8862.0, 9026.0, 9454.0, 9463.0, 9618.0, 9961.0, 10165.0, 10655.0, 22794.0, 22882.0, 23048.0, 23308.0, 23604.0, 23677.0, 25777.0, 25903.0, 29763.0, 29886.0, 30850.0, 54820.0, 55223.0, 55669.0, 56904.0, 57175.0, 58490.0, 58526.0, 64135.0, 64856.0, 84283.0, 85377.0, 122622.0, 129531.0, 131870.0, 143425.0, 147495.0, 163071.0, 200316.0, 284119.0, 388324.0 
GO:0005524 MF 1.54e-05  73/859  1458/29107 D08 ATP binding                              25.0, 93.0, 204.0, 317.0, 369.0, 780.0, 1021.0, 1783.0, 1841.0, 2048.0, 2065.0, 2263.0, 2356.0, 2584.0, 3303.0, 3304.0, 3643.0, 3656.0, 3766.0, 3799.0, 4174.0, 4176.0, 4642.0, 4643.0, 4648.0, 4651.0, 4671.0, 4752.0, 4919.0, 4940.0, 5023.0, 5025.0, 5027.0, 5210.0, 5287.0, 5747.0, 6446.0, 6788.0, 7444.0, 8243.0, 8632.0, 9127.0, 9448.0, 9625.0, 10051.0, 10351.0, 10420.0, 22989.0, 23120.0, 23303.0, 23405.0, 23604.0, 50485.0, 55614.0, 55636.0, 55902.0, 57571.0, 63971.0, 64135.0, 64852.0, 81788.0, 81930.0, 83983.0, 84181.0, 84515.0, 89795.0, 91351.0, 117283.0, 140803.0, 146857.0, 157777.0, 221458.0, 340371.0 
GO:0008381 MF 2.34e-05   5/859    13/29107 D06 mechanosensitive ion channel activity    9725.0, 11322.0, 63895.0, 79905.0, 147138.0 
GO:0004931 MF 2.46e-05   4/859     7/29107 D10 extracellularly ATP-gated cation channel activity 5023.0, 5025.0, 5027.0, 9127.0 
GO:0001614 MF 2.46e-05   4/859     7/29107 D05 purinergic nucleotide receptor activity  5023.0, 5025.0, 5027.0, 9127.0 
GO:0045296 MF 2.51e-05  24/859   315/29107 D04 cadherin binding                         392.0, 1936.0, 2017.0, 3303.0, 3728.0, 3799.0, 4179.0, 4361.0, 5025.0, 5794.0, 7082.0, 7094.0, 8502.0, 10163.0, 10226.0, 10397.0, 22905.0, 26058.0, 29119.0, 56904.0, 57175.0, 57698.0, 85377.0, 114793.0 
GO:0008017 MF 7.38e-05  20/859   254/29107 D05 microtubule binding                      1785.0, 3799.0, 4134.0, 9448.0, 10018.0, 10397.0, 23303.0, 24139.0, 25777.0, 54820.0, 55614.0, 55704.0, 57509.0, 63971.0, 80346.0, 81930.0, 84722.0, 89795.0, 118611.0, 221458.0 
GO:0017124 MF 1.19e-04  13/859   129/29107 D04 SH3 domain binding                       25.0, 392.0, 1785.0, 1793.0, 4036.0, 6868.0, 7456.0, 8751.0, 8871.0, 9026.0, 10163.0, 10278.0, 55680.0 
GO:0005547 MF 1.28e-04   7/859    39/29107 D06 phosphatidylinositol-3,4,5-trisphosphate binding 4651.0, 9026.0, 9765.0, 9846.0, 9873.0, 23612.0, 55614.0 
GO:0043325 MF 1.72e-04   6/859    29/29107 D04 phosphatidylinositol-3,4-bisphosphate binding 3092.0, 9026.0, 9846.0, 9873.0, 23612.0, 55614.0 
GO:1990837 MF 1.81e-04  33/859   555/29107 D06 sequence-specific double-stranded DNA binding 25.0, 1997.0, 1998.0, 3660.0, 4303.0, 4520.0, 4613.0, 4808.0, 5629.0, 6658.0, 6663.0, 6667.0, 6720.0, 6938.0, 7545.0, 7746.0, 7942.0, 8820.0, 9586.0, 10732.0, 10782.0, 30812.0, 51043.0, 51621.0, 55502.0, 80345.0, 84107.0, 84504.0, 148327.0, 221527.0, 283337.0, 349075.0, 619279.0 
GO:0004000 MF 2.45e-04   3/859     5/29107 D05 adenosine deaminase activity             100.0, 105.0, 51816.0 
GO:0004984 MF 1.52e-05   0/859   399/29107 D04 olfactory receptor activity               
GO:0004930 MF 2.71e-05   4/859   683/29107 D04 G protein-coupled receptor activity      976.0, 1902.0, 7855.0, 353345.0 
