GO:0014059 BP 1.01e-07 11/1165    29/29107 D08 regulation of dopamine secretion         1813.0, 1814.0, 3351.0, 3356.0, 5071.0, 6860.0, 57586.0, 84258.0, 127833.0, 148281.0, 341359.0 
GO:0001964 BP 2.24e-07  8/1165    13/29107 D05 startle response                         2741.0, 2903.0, 3736.0, 3756.0, 4861.0, 5071.0, 5179.0, 84189.0 
GO:0006813 BP 4.09e-07 15/1165    68/29107 D07 potassium ion transport                  3736.0, 3746.0, 3752.0, 3754.0, 3756.0, 3758.0, 3763.0, 3777.0, 3778.0, 3780.0, 3787.0, 3788.0, 4905.0, 23416.0, 51305.0 
GO:0007416 BP 5.68e-07 16/1165    60/29107 D06 synapse assembly                         43.0, 119.0, 1813.0, 3084.0, 4131.0, 4897.0, 5728.0, 9379.0, 10160.0, 26167.0, 54549.0, 56130.0, 56131.0, 56132.0, 56133.0, 84189.0 
GO:0007268 BP 7.69e-07 38/1165   261/29107 D07 chemical synaptic transmission           273.0, 783.0, 814.0, 2557.0, 2566.0, 2572.0, 2741.0, 2742.0, 2890.0, 2892.0, 2898.0, 2903.0, 3269.0, 3351.0, 3356.0, 3358.0, 3736.0, 3777.0, 3780.0, 3786.0, 4884.0, 5048.0, 5179.0, 6386.0, 6616.0, 8913.0, 9379.0, 11245.0, 11255.0, 22987.0, 26167.0, 27115.0, 56130.0, 56131.0, 56132.0, 56133.0, 139411.0, 341359.0 
GO:0071805 BP 8.44e-07 26/1165   128/29107 D08 potassium ion transmembrane transport    3736.0, 3746.0, 3748.0, 3752.0, 3754.0, 3756.0, 3758.0, 3776.0, 3777.0, 3778.0, 3780.0, 3782.0, 3786.0, 3787.0, 3788.0, 6549.0, 6616.0, 10479.0, 23315.0, 23416.0, 27133.0, 51305.0, 56659.0, 57419.0, 57657.0, 348980.0 
GO:0007156 BP 8.72e-07 22/1165   166/29107 D05 homophilic cell adhesion via plasma membrane adhesion molecules 1009.0, 1824.0, 1829.0, 2195.0, 2196.0, 11122.0, 26167.0, 29930.0, 54549.0, 54798.0, 56097.0, 56129.0, 56130.0, 56131.0, 56132.0, 56133.0, 57863.0, 91624.0, 92211.0, 120114.0, 128434.0, 152330.0 
GO:0035556 BP 1.73e-06 39/1165   394/29107 D05 intracellular signal transduction        111.0, 115.0, 814.0, 1612.0, 2241.0, 2977.0, 3084.0, 4139.0, 4157.0, 4649.0, 5502.0, 5563.0, 5581.0, 5583.0, 5590.0, 5596.0, 5597.0, 5599.0, 6386.0, 7046.0, 8527.0, 8787.0, 9162.0, 9201.0, 9270.0, 10009.0, 10207.0, 10966.0, 11113.0, 11214.0, 22866.0, 23012.0, 23268.0, 51422.0, 64283.0, 142684.0, 151556.0, 160851.0, 202374.0 
GO:0007399 BP 1.91e-06 42/1165   340/29107 D04 nervous system development               43.0, 324.0, 1750.0, 1859.0, 2259.0, 2335.0, 2668.0, 2674.0, 2889.0, 3084.0, 3624.0, 4062.0, 5067.0, 5126.0, 6334.0, 7046.0, 8128.0, 8787.0, 9079.0, 9201.0, 9211.0, 9253.0, 22997.0, 23040.0, 23092.0, 25791.0, 25937.0, 51232.0, 55800.0, 56130.0, 56131.0, 56132.0, 56133.0, 64207.0, 64839.0, 81544.0, 122553.0, 130399.0, 140767.0, 152330.0, 221336.0, 340533.0 
GO:0086091 BP 2.24e-06 10/1165    39/29107 D08 regulation of heart rate by cardiac conduction 783.0, 1824.0, 1829.0, 3752.0, 6324.0, 6330.0, 8913.0, 10008.0, 23630.0, 55800.0 
GO:0007165 BP 2.24e-06 78/1165  1035/29107 D04 signal transduction                      27.0, 115.0, 238.0, 797.0, 814.0, 943.0, 952.0, 1040.0, 2004.0, 2131.0, 2254.0, 2259.0, 2557.0, 2566.0, 2668.0, 2741.0, 2742.0, 2774.0, 2787.0, 2889.0, 2890.0, 2977.0, 3480.0, 3667.0, 4881.0, 4952.0, 5141.0, 5144.0, 5150.0, 5152.0, 5179.0, 5468.0, 5527.0, 5563.0, 5581.0, 5583.0, 5590.0, 5597.0, 5912.0, 5923.0, 6425.0, 6654.0, 7046.0, 7060.0, 7292.0, 8036.0, 8153.0, 8527.0, 8660.0, 8763.0, 9182.0, 9379.0, 10010.0, 10125.0, 11122.0, 22920.0, 23035.0, 23092.0, 26011.0, 26207.0, 26297.0, 27115.0, 29967.0, 51285.0, 51655.0, 54360.0, 54874.0, 57446.0, 65059.0, 79948.0, 84144.0, 113828.0, 148252.0, 161253.0, 219790.0, 221074.0, 345557.0, 644815.0 
GO:0072659 BP 3.71e-06 20/1165   154/29107 D06 protein localization to plasma membrane  88.0, 783.0, 5028.0, 5590.0, 6812.0, 7162.0, 9270.0, 9475.0, 9545.0, 10966.0, 54997.0, 55667.0, 55800.0, 57512.0, 112609.0, 123016.0, 142684.0, 201475.0, 285172.0, 376267.0 
GO:0007155 BP 6.35e-06 42/1165   488/29107 D02 cell adhesion                            27.0, 43.0, 88.0, 324.0, 1009.0, 1463.0, 1824.0, 1829.0, 2195.0, 2241.0, 2335.0, 3490.0, 3682.0, 3685.0, 3730.0, 3918.0, 4254.0, 5067.0, 5581.0, 6324.0, 7162.0, 8745.0, 8763.0, 9486.0, 10076.0, 11122.0, 22997.0, 26167.0, 29930.0, 50624.0, 53616.0, 53942.0, 56097.0, 56129.0, 56130.0, 56131.0, 56132.0, 56133.0, 56288.0, 92211.0, 117178.0, 196264.0 
GO:0042391 BP 8.05e-06 15/1165    98/29107 D03 regulation of membrane potential         88.0, 2557.0, 2566.0, 2741.0, 2742.0, 3736.0, 3756.0, 3778.0, 8913.0, 9783.0, 23327.0, 23416.0, 27133.0, 57657.0, 348980.0 
GO:0017156 BP 9.77e-06  8/1165    28/29107 D08 calcium-ion regulated exocytosis         6860.0, 9783.0, 57586.0, 84258.0, 85477.0, 127833.0, 148281.0, 341359.0 
GO:0051967 BP 1.12e-05  5/1165     9/29107 D08 negative regulation of synaptic transmission, glutamatergic 1813.0, 1814.0, 3351.0, 3356.0, 84896.0 
GO:0030177 BP 1.15e-05  9/1165    37/29107 D07 positive regulation of Wnt signaling pathway 6469.0, 8932.0, 10159.0, 10927.0, 51339.0, 55959.0, 59352.0, 79971.0, 84870.0 
GO:0019216 BP 1.24e-05 13/1165    78/29107 D05 regulation of lipid metabolic process    31.0, 5468.0, 6604.0, 6907.0, 8648.0, 8660.0, 9555.0, 10499.0, 64919.0, 79718.0, 80183.0, 114294.0, 388121.0 
GO:0018105 BP 1.66e-05 20/1165   170/29107 D09 peptidyl-serine phosphorylation          814.0, 1859.0, 4139.0, 5581.0, 5583.0, 5590.0, 5599.0, 7046.0, 8851.0, 9175.0, 9201.0, 9475.0, 10769.0, 22853.0, 23012.0, 53944.0, 85443.0, 127933.0, 146057.0, 202374.0 
GO:0042711 BP 2.17e-05  5/1165    10/29107 D05 maternal behavior                        1620.0, 4861.0, 5021.0, 5728.0, 8932.0 
GO:2000310 BP 2.23e-05  8/1165    31/29107 D09 regulation of NMDA receptor activity     88.0, 1612.0, 2890.0, 2892.0, 2903.0, 4747.0, 5923.0, 57554.0 
GO:0046856 BP 2.23e-05  8/1165    31/29107 D08 phosphatidylinositol dephosphorylation   3632.0, 4952.0, 5728.0, 8897.0, 9896.0, 10903.0, 22876.0, 27124.0 
GO:0007411 BP 2.78e-05 23/1165   220/29107 D04 axon guidance                            1944.0, 2131.0, 2668.0, 2674.0, 3730.0, 4897.0, 6324.0, 6469.0, 6586.0, 6654.0, 6710.0, 8660.0, 8851.0, 9211.0, 9353.0, 10371.0, 10678.0, 54437.0, 59352.0, 91624.0, 123016.0, 128434.0, 152330.0 
GO:2000300 BP 2.81e-05  9/1165    41/29107 D09 regulation of synaptic vesicle exocytosis 135.0, 1813.0, 3351.0, 3356.0, 5028.0, 6855.0, 9581.0, 9783.0, 134957.0 
GO:0017158 BP 3.43e-05  6/1165    17/29107 D09 regulation of calcium ion-dependent exocytosis 6860.0, 57586.0, 84258.0, 127833.0, 148281.0, 341359.0 
GO:0034765 BP 4.10e-05 15/1165   112/29107 D06 regulation of ion transmembrane transport 3748.0, 3752.0, 3754.0, 3756.0, 3758.0, 3763.0, 3786.0, 6334.0, 8913.0, 23327.0, 23416.0, 27133.0, 56659.0, 57657.0, 348980.0 
GO:0042755 BP 4.12e-05  7/1165    25/29107 D03 eating behavior                          135.0, 4985.0, 5021.0, 5028.0, 7345.0, 51761.0, 166379.0 
GO:0007616 BP 4.61e-05  8/1165    34/29107 D07 long-term memory                         814.0, 1813.0, 2890.0, 5590.0, 5923.0, 9867.0, 50944.0, 139411.0 
GO:0045666 BP 4.68e-05 13/1165    88/29107 D06 positive regulation of neuron differentiation 151.0, 1620.0, 4131.0, 4897.0, 5121.0, 5728.0, 6664.0, 8200.0, 8648.0, 23531.0, 26508.0, 221336.0, 375567.0 
GO:0008344 BP 5.11e-05  9/1165    44/29107 D03 adult locomotory behavior                2668.0, 4985.0, 5048.0, 5071.0, 5090.0, 7111.0, 22876.0, 53616.0, 84189.0 
GO:0007409 BP 5.31e-05 12/1165    77/29107 D09 axonogenesis                             1813.0, 4131.0, 4744.0, 4897.0, 9253.0, 22853.0, 51761.0, 56288.0, 84189.0, 84612.0, 139065.0, 152330.0 
GO:0060412 BP 5.77e-05  8/1165    35/29107 D04 ventricular septum morphogenesis         90.0, 659.0, 4092.0, 6586.0, 6664.0, 7046.0, 9353.0, 26508.0 
GO:0060134 BP 6.37e-05  5/1165    12/29107 D06 prepulse inhibition                      135.0, 1813.0, 1814.0, 2895.0, 5728.0 
GO:1904024 BP 6.40e-05  3/1165     3/29107 D09 negative regulation of glucose catabolic process to lactate via pyruvate 7157.0, 8604.0, 57103.0 
GO:0033693 BP 6.40e-05  3/1165     3/29107 D09 neurofilament bundle assembly            4741.0, 4744.0, 4747.0 
GO:0051481 BP 1.00e-04  5/1165    13/29107 D11 negative regulation of cytosolic calcium ion concentration 1813.0, 1814.0, 3777.0, 4088.0, 6263.0 
GO:0046676 BP 1.16e-04  7/1165    29/29107 D10 negative regulation of insulin secretion 1113.0, 1813.0, 3033.0, 3667.0, 5071.0, 94121.0, 130399.0 
GO:0043278 BP 1.16e-04  7/1165    29/29107 D07 response to morphine                     1268.0, 1813.0, 1814.0, 5179.0, 5520.0, 5581.0, 8682.0 
GO:0006811 BP 1.30e-04 13/1165    97/29107 D04 ion transport                            2741.0, 3780.0, 3782.0, 3927.0, 6543.0, 6549.0, 6557.0, 10479.0, 23315.0, 57419.0, 80024.0, 140679.0, 206358.0 
GO:0030154 BP 1.32e-04 44/1165   602/29107 D03 cell differentiation                     284.0, 1750.0, 2004.0, 2241.0, 2254.0, 2273.0, 2551.0, 3084.0, 3624.0, 4088.0, 4092.0, 4256.0, 5468.0, 6258.0, 6425.0, 6664.0, 6860.0, 7092.0, 7357.0, 9270.0, 10076.0, 10125.0, 11022.0, 23327.0, 25791.0, 54937.0, 55359.0, 55832.0, 56884.0, 57097.0, 57446.0, 57648.0, 64283.0, 79864.0, 81621.0, 84258.0, 116150.0, 127833.0, 130399.0, 144195.0, 221662.0, 221937.0, 644150.0, 729967.0 
GO:0007417 BP 1.34e-04 16/1165   138/29107 D04 central nervous system development       135.0, 224.0, 1463.0, 1821.0, 3720.0, 4861.0, 4884.0, 4897.0, 5071.0, 5728.0, 6469.0, 8745.0, 9201.0, 10787.0, 53616.0, 85477.0 
GO:0034220 BP 1.41e-04 21/1165   213/29107 D05 ion transmembrane transport              309.0, 478.0, 523.0, 2281.0, 2557.0, 2566.0, 2741.0, 2742.0, 2890.0, 2892.0, 2895.0, 2898.0, 3777.0, 3927.0, 6263.0, 6557.0, 23327.0, 23400.0, 57198.0, 57205.0, 80727.0 
GO:0035815 BP 1.51e-04  5/1165    14/29107 D08 positive regulation of renal sodium excretion 135.0, 1813.0, 1814.0, 4879.0, 4881.0 
GO:0042417 BP 1.51e-04  5/1165    14/29107 D08 dopamine metabolic process               1813.0, 1814.0, 2903.0, 4881.0, 5071.0 
GO:0032835 BP 1.57e-04  4/1165     8/29107 D03 glomerulus development                   7490.0, 25937.0, 26508.0, 51196.0 
GO:0070588 BP 1.88e-04 14/1165   114/29107 D08 calcium ion transmembrane transport      309.0, 783.0, 2280.0, 3685.0, 6263.0, 6543.0, 8913.0, 55283.0, 57419.0, 57620.0, 57685.0, 59283.0, 80036.0, 80228.0 
GO:0035195 BP 1.67e-06  2/1165   556/29107 D10 gene silencing by miRNA                  84962.0, 407040.0 
GO:0050911 BP 3.53e-06  1/1165   399/29107 D05 detection of chemical stimulus involved in sensory perception of smell 343171.0 
GO:0008076 CC 3.40e-07 15/1165    77/29107 D07 voltage-gated potassium channel complex  3736.0, 3746.0, 3748.0, 3752.0, 3754.0, 3756.0, 3758.0, 3763.0, 3776.0, 3778.0, 3780.0, 3786.0, 3787.0, 3788.0, 23630.0 
GO:0098978 CC 6.10e-07 37/1165   332/29107 D04 glutamatergic synapse                    88.0, 135.0, 814.0, 1009.0, 1268.0, 1813.0, 1814.0, 1821.0, 2890.0, 2895.0, 2903.0, 2982.0, 3084.0, 3356.0, 3736.0, 4884.0, 5028.0, 5520.0, 5590.0, 6616.0, 6678.0, 6812.0, 8745.0, 8787.0, 9211.0, 9722.0, 10082.0, 10160.0, 22866.0, 27445.0, 50632.0, 50944.0, 53616.0, 81832.0, 139065.0, 145581.0, 148281.0 
GO:0014069 CC 7.30e-07 33/1165   246/29107 D04 postsynaptic density                     119.0, 135.0, 659.0, 1813.0, 1821.0, 2035.0, 2890.0, 2903.0, 3752.0, 4131.0, 4744.0, 4905.0, 5028.0, 5071.0, 5590.0, 6543.0, 6654.0, 8851.0, 9162.0, 9201.0, 9349.0, 9478.0, 9867.0, 10006.0, 22997.0, 27445.0, 50944.0, 57554.0, 59283.0, 81832.0, 158866.0, 388336.0, 642938.0 
GO:0005856 CC 9.67e-07 44/1165   400/29107 D05 cytoskeleton                             88.0, 119.0, 636.0, 1859.0, 2035.0, 2036.0, 2040.0, 2734.0, 3748.0, 4139.0, 4254.0, 4744.0, 5783.0, 6386.0, 6616.0, 6812.0, 7111.0, 7266.0, 7402.0, 8030.0, 8139.0, 8153.0, 9270.0, 9475.0, 9478.0, 9581.0, 10006.0, 10160.0, 10625.0, 11113.0, 22836.0, 23092.0, 23268.0, 23345.0, 27445.0, 54874.0, 56288.0, 57180.0, 65059.0, 83861.0, 83894.0, 114884.0, 121512.0, 137868.0 
GO:0030424 CC 1.17e-06 43/1165   311/29107 D05 axon                                     115.0, 478.0, 720.0, 1644.0, 1813.0, 1859.0, 2566.0, 2572.0, 3084.0, 3356.0, 3480.0, 3746.0, 3748.0, 4131.0, 4135.0, 4741.0, 4744.0, 4747.0, 5563.0, 5599.0, 6049.0, 6334.0, 6543.0, 6812.0, 6860.0, 8851.0, 9162.0, 10159.0, 10371.0, 22876.0, 26278.0, 27445.0, 53616.0, 57586.0, 79884.0, 91624.0, 127833.0, 127933.0, 128434.0, 136319.0, 152330.0, 348980.0, 349667.0 
GO:0030672 CC 1.21e-06 14/1165    74/29107 D08 synaptic vesicle membrane                273.0, 1813.0, 2572.0, 2890.0, 6855.0, 9162.0, 22987.0, 24141.0, 55784.0, 79772.0, 127833.0, 132204.0, 140679.0, 148281.0 
GO:0098982 CC 1.50e-06 13/1165    65/29107 D04 GABA-ergic synapse                       1268.0, 1813.0, 1814.0, 2557.0, 2566.0, 2982.0, 3084.0, 3752.0, 22997.0, 27445.0, 53942.0, 140679.0, 145581.0 
GO:0045202 CC 1.51e-06 49/1165   412/29107 D03 synapse                                  43.0, 478.0, 720.0, 1917.0, 2131.0, 2557.0, 2566.0, 2741.0, 2742.0, 2895.0, 3269.0, 3358.0, 3736.0, 3777.0, 3780.0, 3786.0, 4062.0, 4131.0, 4649.0, 5048.0, 5599.0, 6125.0, 6386.0, 6543.0, 6860.0, 8913.0, 9162.0, 10082.0, 11245.0, 11255.0, 23268.0, 23504.0, 25924.0, 26167.0, 27115.0, 27445.0, 51339.0, 54549.0, 56130.0, 56131.0, 56132.0, 56133.0, 57586.0, 85397.0, 118427.0, 139411.0, 221692.0, 345557.0, 375567.0 
GO:0043025 CC 1.53e-06 35/1165   356/29107 D03 neuronal cell body                       135.0, 478.0, 659.0, 720.0, 1620.0, 1644.0, 1917.0, 2741.0, 2890.0, 3356.0, 3736.0, 3752.0, 3776.0, 3780.0, 3782.0, 4131.0, 5048.0, 5179.0, 5563.0, 6543.0, 6581.0, 6654.0, 6860.0, 7345.0, 8851.0, 22853.0, 22866.0, 22876.0, 23400.0, 55110.0, 56288.0, 57125.0, 57657.0, 91752.0, 140767.0 
GO:0030425 CC 1.61e-06 45/1165   417/29107 D05 dendrite                                 115.0, 135.0, 659.0, 720.0, 1620.0, 1813.0, 1821.0, 1859.0, 2741.0, 2890.0, 3269.0, 3351.0, 3356.0, 3358.0, 3632.0, 3736.0, 3756.0, 4131.0, 4135.0, 4139.0, 5028.0, 5126.0, 5179.0, 5563.0, 6543.0, 7162.0, 7466.0, 8851.0, 9371.0, 10008.0, 10160.0, 10371.0, 10539.0, 10769.0, 11255.0, 22876.0, 26278.0, 50944.0, 57125.0, 57657.0, 85397.0, 140679.0, 348980.0, 349667.0, 375323.0 
GO:0000139 CC 1.73e-06 58/1165   586/29107 D05 Golgi membrane                           753.0, 955.0, 1813.0, 2131.0, 2572.0, 2589.0, 2734.0, 3845.0, 5627.0, 5861.0, 5862.0, 5870.0, 6489.0, 7357.0, 8128.0, 8534.0, 8905.0, 9334.0, 9435.0, 9478.0, 9486.0, 9867.0, 9896.0, 9956.0, 10125.0, 10198.0, 10565.0, 10678.0, 11041.0, 23315.0, 23673.0, 25849.0, 29906.0, 51196.0, 51301.0, 51363.0, 51435.0, 51560.0, 54503.0, 54602.0, 55146.0, 55568.0, 56894.0, 56937.0, 57452.0, 57531.0, 63917.0, 64131.0, 64409.0, 64841.0, 79369.0, 79971.0, 90161.0, 92126.0, 153339.0, 158866.0, 201475.0, 337876.0 
GO:0048471 CC 2.26e-06 62/1165   708/29107 D02 perinuclear region of cytoplasm          43.0, 309.0, 324.0, 636.0, 1022.0, 1113.0, 1656.0, 1780.0, 2040.0, 2181.0, 2195.0, 2572.0, 2589.0, 3624.0, 3756.0, 3787.0, 3788.0, 3918.0, 4131.0, 4135.0, 4212.0, 4953.0, 5048.0, 5071.0, 5141.0, 5144.0, 5152.0, 5581.0, 5590.0, 5801.0, 6263.0, 6616.0, 6812.0, 6855.0, 8851.0, 9270.0, 9478.0, 9685.0, 9722.0, 9748.0, 10079.0, 10207.0, 10565.0, 10920.0, 10966.0, 11214.0, 22853.0, 23026.0, 23286.0, 25924.0, 51655.0, 54511.0, 54602.0, 55243.0, 55662.0, 81544.0, 83698.0, 84649.0, 114569.0, 136319.0, 221074.0, 376267.0 
GO:0005887 CC 2.43e-06 108/1165  1403/29107 D04 integral component of plasma membrane    90.0, 111.0, 115.0, 135.0, 151.0, 238.0, 659.0, 783.0, 1268.0, 1813.0, 1814.0, 2040.0, 2195.0, 2557.0, 2566.0, 2740.0, 2741.0, 2742.0, 2830.0, 2895.0, 2898.0, 2903.0, 2918.0, 2995.0, 3084.0, 3269.0, 3351.0, 3356.0, 3358.0, 3455.0, 3480.0, 3685.0, 3736.0, 3756.0, 3776.0, 3777.0, 3786.0, 4157.0, 4897.0, 4985.0, 5021.0, 5028.0, 5733.0, 5737.0, 5746.0, 5793.0, 6324.0, 6542.0, 6543.0, 6578.0, 6581.0, 6786.0, 7162.0, 7292.0, 7991.0, 8111.0, 8745.0, 8763.0, 9016.0, 9120.0, 9201.0, 9365.0, 10076.0, 10100.0, 10371.0, 10867.0, 11122.0, 11245.0, 11255.0, 22853.0, 23416.0, 23531.0, 23765.0, 26011.0, 26167.0, 27133.0, 29930.0, 29967.0, 50632.0, 51305.0, 51308.0, 55243.0, 56097.0, 56129.0, 56130.0, 56131.0, 56132.0, 56133.0, 56659.0, 57198.0, 57205.0, 57419.0, 57535.0, 57586.0, 57657.0, 59352.0, 64065.0, 79948.0, 80036.0, 80723.0, 81796.0, 84189.0, 84539.0, 84570.0, 92211.0, 221074.0, 339390.0, 348980.0 
GO:0005794 CC 2.93e-06 85/1165   986/29107 D05 Golgi apparatus                          43.0, 324.0, 400.0, 412.0, 478.0, 636.0, 955.0, 987.0, 2131.0, 2181.0, 2196.0, 2589.0, 2668.0, 2674.0, 2734.0, 3763.0, 4905.0, 5071.0, 5152.0, 5527.0, 5563.0, 5581.0, 5861.0, 5862.0, 5870.0, 7267.0, 7779.0, 8905.0, 9213.0, 9334.0, 9435.0, 9486.0, 9581.0, 9685.0, 9832.0, 10046.0, 10125.0, 10198.0, 10565.0, 11041.0, 22853.0, 22920.0, 23268.0, 23315.0, 23327.0, 23332.0, 23345.0, 23531.0, 23673.0, 23710.0, 25849.0, 51560.0, 51761.0, 54432.0, 54602.0, 55146.0, 55568.0, 55667.0, 55681.0, 55832.0, 57198.0, 57452.0, 63917.0, 64065.0, 64409.0, 64429.0, 64841.0, 79656.0, 79876.0, 79939.0, 79971.0, 80723.0, 84871.0, 84962.0, 118427.0, 121512.0, 127933.0, 132299.0, 153339.0, 158866.0, 201475.0, 283358.0, 376267.0, 400451.0, 729085.0 
GO:0045211 CC 3.00e-06 19/1165   139/29107 D05 postsynaptic membrane                    2566.0, 2741.0, 2742.0, 2892.0, 2895.0, 2898.0, 3748.0, 3752.0, 3778.0, 5028.0, 5728.0, 7402.0, 10159.0, 22997.0, 23345.0, 50944.0, 84896.0, 375323.0, 388336.0 
GO:0043005 CC 3.36e-06 33/1165   337/29107 D04 neuron projection                        2557.0, 2566.0, 2741.0, 2742.0, 3780.0, 3782.0, 4884.0, 4897.0, 4985.0, 5048.0, 5067.0, 5071.0, 5126.0, 5728.0, 5783.0, 5923.0, 6616.0, 6855.0, 8648.0, 8851.0, 8913.0, 9531.0, 22866.0, 22987.0, 22997.0, 23400.0, 26011.0, 50944.0, 64919.0, 132204.0, 140679.0, 140767.0, 349667.0 
GO:0016020 CC 3.75e-06 131/1165  2121/29107 D02 membrane                                 43.0, 135.0, 160.0, 309.0, 412.0, 478.0, 636.0, 830.0, 952.0, 955.0, 956.0, 987.0, 1130.0, 1656.0, 1734.0, 2040.0, 2181.0, 2280.0, 2281.0, 2589.0, 2734.0, 2787.0, 2975.0, 2995.0, 3052.0, 3084.0, 3480.0, 3632.0, 3646.0, 3685.0, 3845.0, 3918.0, 4952.0, 5126.0, 5141.0, 5550.0, 5590.0, 5870.0, 5877.0, 5901.0, 5912.0, 6125.0, 6386.0, 6543.0, 6557.0, 6578.0, 6581.0, 6616.0, 7111.0, 7162.0, 7266.0, 7357.0, 7402.0, 7416.0, 7428.0, 7798.0, 8170.0, 8851.0, 8897.0, 9120.0, 9175.0, 9270.0, 9349.0, 9353.0, 9371.0, 9486.0, 9531.0, 9685.0, 9868.0, 9936.0, 10125.0, 10198.0, 10426.0, 10525.0, 10724.0, 10903.0, 10953.0, 11113.0, 11128.0, 11214.0, 23012.0, 23332.0, 23392.0, 23531.0, 23592.0, 25791.0, 27229.0, 29789.0, 50624.0, 50640.0, 50944.0, 51308.0, 51678.0, 54332.0, 54503.0, 54511.0, 54557.0, 54892.0, 55244.0, 55283.0, 55764.0, 55784.0, 55832.0, 56894.0, 57168.0, 57476.0, 59339.0, 64397.0, 65055.0, 79572.0, 79815.0, 80024.0, 80228.0, 80339.0, 81614.0, 84896.0, 92255.0, 114786.0, 114884.0, 114899.0, 115294.0, 126969.0, 130367.0, 139411.0, 150379.0, 253558.0, 253782.0, 255520.0, 375323.0, 387890.0, 100133941.0 
GO:0016021 CC 3.87e-06 261/1165  3570/29107 D03 integral component of membrane           111.0, 115.0, 224.0, 412.0, 478.0, 753.0, 771.0, 887.0, 943.0, 952.0, 955.0, 956.0, 987.0, 1009.0, 1040.0, 1047.0, 1734.0, 1824.0, 1829.0, 2131.0, 2181.0, 2196.0, 2262.0, 2532.0, 2589.0, 2681.0, 2734.0, 2740.0, 2741.0, 3455.0, 3598.0, 3736.0, 3746.0, 3748.0, 3752.0, 3754.0, 3778.0, 3782.0, 3786.0, 3787.0, 3788.0, 4254.0, 4257.0, 4649.0, 4697.0, 4711.0, 4881.0, 4948.0, 5733.0, 5740.0, 5801.0, 6263.0, 6334.0, 6489.0, 6549.0, 6557.0, 7357.0, 7779.0, 7782.0, 7784.0, 8128.0, 8170.0, 8534.0, 8604.0, 9120.0, 9213.0, 9334.0, 9340.0, 9379.0, 9435.0, 9486.0, 9671.0, 9868.0, 9936.0, 9956.0, 10079.0, 10100.0, 10159.0, 10479.0, 10678.0, 10787.0, 10953.0, 11122.0, 22853.0, 22917.0, 22987.0, 22990.0, 22997.0, 23315.0, 23345.0, 23400.0, 23416.0, 23592.0, 23673.0, 23786.0, 24141.0, 25849.0, 25994.0, 26123.0, 26167.0, 26996.0, 27076.0, 27346.0, 28978.0, 29090.0, 29091.0, 29906.0, 29967.0, 50624.0, 50632.0, 50640.0, 51232.0, 51301.0, 51302.0, 51363.0, 51435.0, 51761.0, 53616.0, 54432.0, 54437.0, 54495.0, 54503.0, 54549.0, 54602.0, 54798.0, 54805.0, 54914.0, 54946.0, 55061.0, 55076.0, 55146.0, 55244.0, 55283.0, 55359.0, 55568.0, 55784.0, 55800.0, 55847.0, 55972.0, 56130.0, 56131.0, 56132.0, 56133.0, 56894.0, 56937.0, 57088.0, 57125.0, 57150.0, 57156.0, 57168.0, 57205.0, 57369.0, 57452.0, 57476.0, 57512.0, 57535.0, 57620.0, 57633.0, 57863.0, 59353.0, 63917.0, 64131.0, 64409.0, 64420.0, 64429.0, 64778.0, 64866.0, 65055.0, 65250.0, 79057.0, 79369.0, 79572.0, 79772.0, 79815.0, 79939.0, 79962.0, 80000.0, 80045.0, 80228.0, 80339.0, 80723.0, 81544.0, 81614.0, 81853.0, 83698.0, 83857.0, 84102.0, 84258.0, 84553.0, 84561.0, 84570.0, 84649.0, 84896.0, 85352.0, 90161.0, 90488.0, 92126.0, 92255.0, 93517.0, 112609.0, 114569.0, 114786.0, 115123.0, 116150.0, 120114.0, 120939.0, 121256.0, 121551.0, 124935.0, 126969.0, 127833.0, 130367.0, 131118.0, 137868.0, 139065.0, 139411.0, 140767.0, 144195.0, 145173.0, 145407.0, 146223.0, 148281.0, 148534.0, 148808.0, 151556.0, 153339.0, 153830.0, 160418.0, 162494.0, 165679.0, 195814.0, 196264.0, 197021.0, 203547.0, 206358.0, 221091.0, 222553.0, 253558.0, 253782.0, 255919.0, 256130.0, 266722.0, 283358.0, 283659.0, 337876.0, 339983.0, 341359.0, 341880.0, 343171.0, 344838.0, 375035.0, 375323.0, 387509.0, 387890.0, 387914.0, 399697.0, 400451.0, 401944.0, 493869.0, 613212.0, 728215.0 
GO:0005886 CC 4.93e-06 366/1165  4480/29107 D03 plasma membrane                          43.0, 88.0, 90.0, 111.0, 115.0, 119.0, 135.0, 151.0, 160.0, 238.0, 273.0, 284.0, 324.0, 379.0, 412.0, 478.0, 523.0, 659.0, 687.0, 720.0, 771.0, 783.0, 887.0, 943.0, 952.0, 955.0, 956.0, 987.0, 1009.0, 1022.0, 1268.0, 1612.0, 1734.0, 1813.0, 1814.0, 1821.0, 1824.0, 1829.0, 1944.0, 2035.0, 2036.0, 2040.0, 2181.0, 2195.0, 2196.0, 2262.0, 2273.0, 2532.0, 2557.0, 2566.0, 2572.0, 2674.0, 2734.0, 2740.0, 2741.0, 2742.0, 2774.0, 2787.0, 2830.0, 2890.0, 2892.0, 2895.0, 2898.0, 2903.0, 2918.0, 2995.0, 3269.0, 3351.0, 3356.0, 3358.0, 3455.0, 3480.0, 3632.0, 3667.0, 3682.0, 3685.0, 3730.0, 3735.0, 3736.0, 3746.0, 3748.0, 3752.0, 3754.0, 3756.0, 3758.0, 3763.0, 3776.0, 3777.0, 3778.0, 3780.0, 3782.0, 3786.0, 3787.0, 3788.0, 3845.0, 4026.0, 4062.0, 4088.0, 4092.0, 4131.0, 4139.0, 4157.0, 4254.0, 4257.0, 4811.0, 4881.0, 4884.0, 4897.0, 4905.0, 4952.0, 4985.0, 5021.0, 5028.0, 5067.0, 5074.0, 5141.0, 5144.0, 5152.0, 5179.0, 5255.0, 5412.0, 5581.0, 5583.0, 5590.0, 5627.0, 5728.0, 5733.0, 5737.0, 5746.0, 5783.0, 5801.0, 5870.0, 5912.0, 5923.0, 6263.0, 6324.0, 6330.0, 6334.0, 6386.0, 6469.0, 6542.0, 6543.0, 6549.0, 6557.0, 6578.0, 6581.0, 6616.0, 6654.0, 6664.0, 6678.0, 6764.0, 6786.0, 6812.0, 6860.0, 7007.0, 7046.0, 7162.0, 7292.0, 7320.0, 7345.0, 7402.0, 7416.0, 7779.0, 7782.0, 7784.0, 7991.0, 8111.0, 8153.0, 8170.0, 8200.0, 8447.0, 8527.0, 8648.0, 8660.0, 8745.0, 8763.0, 8787.0, 8851.0, 8913.0, 9079.0, 9097.0, 9162.0, 9213.0, 9270.0, 9340.0, 9365.0, 9379.0, 9475.0, 9478.0, 9515.0, 9531.0, 9545.0, 9685.0, 9867.0, 10008.0, 10009.0, 10076.0, 10079.0, 10082.0, 10125.0, 10159.0, 10207.0, 10434.0, 10479.0, 10580.0, 10867.0, 10966.0, 11122.0, 11245.0, 11255.0, 22808.0, 22836.0, 22866.0, 22917.0, 22987.0, 23007.0, 23026.0, 23118.0, 23327.0, 23406.0, 23416.0, 23504.0, 23630.0, 23765.0, 24141.0, 25849.0, 25937.0, 26011.0, 26996.0, 27076.0, 27124.0, 27133.0, 27293.0, 27346.0, 29091.0, 50944.0, 51196.0, 51232.0, 51285.0, 51305.0, 51655.0, 51678.0, 51761.0, 53616.0, 53942.0, 53944.0, 54432.0, 54495.0, 54549.0, 54798.0, 54805.0, 54874.0, 54946.0, 54997.0, 55103.0, 55146.0, 55188.0, 55243.0, 55244.0, 55283.0, 55359.0, 55620.0, 55667.0, 55800.0, 55959.0, 56288.0, 56659.0, 56894.0, 56937.0, 57088.0, 57125.0, 57156.0, 57186.0, 57198.0, 57205.0, 57369.0, 57419.0, 57476.0, 57512.0, 57535.0, 57554.0, 57586.0, 57620.0, 57657.0, 57863.0, 59283.0, 59339.0, 59352.0, 60682.0, 64065.0, 64283.0, 64393.0, 64866.0, 65059.0, 65981.0, 79057.0, 79971.0, 80024.0, 80036.0, 80308.0, 80723.0, 80727.0, 81029.0, 81614.0, 81796.0, 83698.0, 84102.0, 84189.0, 84258.0, 84539.0, 84570.0, 84612.0, 84812.0, 84962.0, 85397.0, 85477.0, 91624.0, 91752.0, 92255.0, 94121.0, 112609.0, 114786.0, 120114.0, 124935.0, 126969.0, 127833.0, 128434.0, 128853.0, 130271.0, 130399.0, 134111.0, 134957.0, 139065.0, 139411.0, 140679.0, 142684.0, 144195.0, 148252.0, 148281.0, 152330.0, 154810.0, 160851.0, 161253.0, 195814.0, 196264.0, 201475.0, 202374.0, 205147.0, 206358.0, 219790.0, 257397.0, 283659.0, 285172.0, 285513.0, 339390.0, 341359.0, 343171.0, 344838.0, 348980.0, 349667.0, 375323.0, 376267.0, 387509.0, 388121.0, 400451.0, 728215.0 
GO:0005829 CC 5.34e-06 312/1165  5275/29107 D02 cytosol                                  10.0, 27.0, 31.0, 88.0, 119.0, 151.0, 160.0, 224.0, 273.0, 324.0, 400.0, 523.0, 636.0, 641.0, 687.0, 830.0, 987.0, 1022.0, 1130.0, 1644.0, 1656.0, 1730.0, 1780.0, 1962.0, 2035.0, 2036.0, 2241.0, 2273.0, 2280.0, 2281.0, 2572.0, 2762.0, 2766.0, 2889.0, 3269.0, 3356.0, 3646.0, 3667.0, 3685.0, 3735.0, 3736.0, 3840.0, 3842.0, 3845.0, 3899.0, 4026.0, 4088.0, 4092.0, 4131.0, 4199.0, 4300.0, 4338.0, 4649.0, 4747.0, 4905.0, 4952.0, 4953.0, 5048.0, 5071.0, 5121.0, 5141.0, 5144.0, 5150.0, 5152.0, 5255.0, 5468.0, 5520.0, 5527.0, 5550.0, 5563.0, 5581.0, 5583.0, 5590.0, 5596.0, 5597.0, 5599.0, 5728.0, 5782.0, 5783.0, 5801.0, 5861.0, 5862.0, 5870.0, 5877.0, 5901.0, 5912.0, 5923.0, 5937.0, 6041.0, 6125.0, 6386.0, 6469.0, 6616.0, 6654.0, 6710.0, 6812.0, 6921.0, 7111.0, 7157.0, 7266.0, 7267.0, 7337.0, 7345.0, 7360.0, 7371.0, 7428.0, 7490.0, 7518.0, 7750.0, 8030.0, 8036.0, 8139.0, 8527.0, 8566.0, 8648.0, 8660.0, 8682.0, 8836.0, 8851.0, 8897.0, 8905.0, 8932.0, 9060.0, 9097.0, 9162.0, 9182.0, 9232.0, 9240.0, 9270.0, 9349.0, 9371.0, 9372.0, 9435.0, 9447.0, 9475.0, 9531.0, 9581.0, 9685.0, 9722.0, 9851.0, 10006.0, 10009.0, 10010.0, 10125.0, 10138.0, 10160.0, 10204.0, 10207.0, 10260.0, 10426.0, 10434.0, 10451.0, 10539.0, 10565.0, 10580.0, 10625.0, 10724.0, 10768.0, 10769.0, 10787.0, 10920.0, 10927.0, 10953.0, 11113.0, 11128.0, 11171.0, 11214.0, 11275.0, 22836.0, 22853.0, 22861.0, 22920.0, 23012.0, 23035.0, 23074.0, 23076.0, 23092.0, 23118.0, 23261.0, 23286.0, 23327.0, 23332.0, 23406.0, 23710.0, 25791.0, 25820.0, 25849.0, 25937.0, 25977.0, 26207.0, 26235.0, 26258.0, 26268.0, 26273.0, 26297.0, 26586.0, 27115.0, 27124.0, 27229.0, 28987.0, 29789.0, 50944.0, 51132.0, 51196.0, 51339.0, 51377.0, 51422.0, 51560.0, 53944.0, 54039.0, 54332.0, 54492.0, 54511.0, 54726.0, 54874.0, 54997.0, 55054.0, 55160.0, 55188.0, 55190.0, 55615.0, 55620.0, 55662.0, 55667.0, 55728.0, 55784.0, 55832.0, 55844.0, 56288.0, 56648.0, 56902.0, 57097.0, 57103.0, 57132.0, 57186.0, 57482.0, 57554.0, 57718.0, 60496.0, 64112.0, 64283.0, 64397.0, 64839.0, 64841.0, 65059.0, 65220.0, 65244.0, 65981.0, 79017.0, 79871.0, 79876.0, 79887.0, 79971.0, 80218.0, 80308.0, 80790.0, 80821.0, 80896.0, 81578.0, 84144.0, 84301.0, 84612.0, 84649.0, 84812.0, 84871.0, 84896.0, 84962.0, 90639.0, 92400.0, 94032.0, 114294.0, 114884.0, 117854.0, 121512.0, 122553.0, 123016.0, 124540.0, 128853.0, 130271.0, 134429.0, 134957.0, 136319.0, 138199.0, 139818.0, 143279.0, 144193.0, 144423.0, 146057.0, 148281.0, 150379.0, 154810.0, 162466.0, 197131.0, 201475.0, 221662.0, 221692.0, 246330.0, 253558.0, 253943.0, 255919.0, 257397.0, 282969.0, 283209.0, 284076.0, 284716.0, 285172.0, 340533.0, 388121.0, 389421.0, 390916.0, 644150.0, 644815.0 
GO:0005737 CC 5.87e-06 266/1165  4675/29107 D02 cytoplasm                                309.0, 324.0, 379.0, 400.0, 641.0, 659.0, 814.0, 943.0, 1009.0, 1022.0, 1107.0, 1268.0, 1602.0, 1612.0, 1620.0, 1644.0, 1656.0, 1780.0, 1859.0, 1917.0, 2029.0, 2241.0, 2254.0, 2259.0, 2273.0, 2280.0, 2281.0, 2762.0, 2830.0, 2889.0, 2977.0, 3033.0, 3084.0, 3351.0, 3646.0, 3667.0, 3782.0, 3842.0, 3845.0, 3927.0, 3983.0, 4088.0, 4092.0, 4139.0, 4157.0, 4188.0, 4254.0, 4495.0, 4744.0, 4747.0, 4753.0, 4879.0, 4948.0, 4952.0, 4953.0, 5071.0, 5074.0, 5121.0, 5128.0, 5201.0, 5502.0, 5550.0, 5581.0, 5583.0, 5590.0, 5596.0, 5597.0, 5599.0, 5728.0, 5737.0, 5782.0, 5783.0, 5901.0, 6049.0, 6125.0, 6258.0, 6386.0, 6616.0, 6638.0, 6654.0, 6678.0, 6741.0, 6812.0, 7157.0, 7266.0, 7320.0, 7336.0, 7345.0, 7360.0, 7371.0, 7402.0, 7490.0, 7779.0, 7782.0, 8036.0, 8139.0, 8447.0, 8527.0, 8787.0, 8814.0, 8851.0, 8897.0, 8913.0, 9162.0, 9175.0, 9213.0, 9232.0, 9240.0, 9253.0, 9258.0, 9270.0, 9315.0, 9349.0, 9353.0, 9447.0, 9475.0, 9515.0, 9531.0, 9748.0, 9764.0, 9867.0, 9960.0, 10008.0, 10207.0, 10231.0, 10426.0, 10434.0, 10499.0, 10522.0, 10667.0, 10768.0, 10769.0, 10903.0, 10950.0, 11034.0, 11040.0, 11113.0, 11171.0, 11275.0, 22866.0, 22891.0, 22949.0, 23007.0, 23012.0, 23026.0, 23035.0, 23286.0, 23327.0, 23331.0, 23345.0, 25820.0, 25876.0, 25937.0, 25950.0, 26011.0, 26112.0, 26207.0, 26258.0, 26268.0, 26278.0, 26297.0, 26508.0, 27124.0, 29789.0, 29958.0, 29969.0, 51132.0, 51339.0, 51377.0, 51422.0, 51454.0, 53904.0, 53944.0, 54039.0, 54602.0, 54839.0, 54874.0, 54937.0, 54970.0, 54985.0, 54997.0, 55103.0, 55188.0, 55190.0, 55662.0, 55764.0, 55832.0, 56521.0, 57103.0, 57125.0, 57180.0, 57186.0, 57446.0, 57504.0, 57531.0, 57718.0, 59339.0, 60682.0, 64112.0, 64839.0, 65055.0, 65244.0, 65981.0, 79187.0, 79871.0, 79876.0, 79884.0, 79935.0, 80210.0, 80212.0, 80218.0, 80309.0, 80319.0, 80339.0, 80821.0, 83544.0, 83605.0, 83861.0, 83894.0, 84529.0, 84553.0, 84984.0, 85015.0, 85443.0, 85477.0, 91752.0, 113220.0, 113802.0, 114928.0, 115294.0, 117178.0, 117854.0, 121512.0, 124540.0, 128434.0, 129607.0, 130271.0, 134429.0, 134728.0, 134957.0, 136319.0, 137392.0, 137868.0, 137902.0, 146057.0, 150379.0, 150472.0, 151354.0, 152789.0, 160851.0, 161436.0, 197131.0, 200424.0, 219790.0, 221937.0, 253943.0, 255919.0, 284716.0, 339983.0, 345557.0, 345778.0, 375484.0, 376267.0, 388121.0, 402055.0, 653149.0 
GO:0005783 CC 7.36e-06 73/1165  1036/29107 D05 endoplasmic reticulum                    412.0, 478.0, 987.0, 1040.0, 1047.0, 1620.0, 1730.0, 2040.0, 2131.0, 2181.0, 2741.0, 3736.0, 4257.0, 5071.0, 5152.0, 5581.0, 5740.0, 5861.0, 6125.0, 6253.0, 6786.0, 7060.0, 7157.0, 7162.0, 7428.0, 7466.0, 7779.0, 9365.0, 9896.0, 10006.0, 10434.0, 10525.0, 22920.0, 23392.0, 23710.0, 27346.0, 51108.0, 51308.0, 51435.0, 51669.0, 54495.0, 54503.0, 54511.0, 54602.0, 55146.0, 55959.0, 56894.0, 57205.0, 57531.0, 57620.0, 59353.0, 64429.0, 64841.0, 65055.0, 79971.0, 83857.0, 84649.0, 84812.0, 112609.0, 122553.0, 130367.0, 134429.0, 148534.0, 153830.0, 158866.0, 160418.0, 195814.0, 197021.0, 206358.0, 253558.0, 253782.0, 387914.0, 729085.0 
GO:0099056 CC 7.93e-06 11/1165    54/29107 D06 integral component of presynaptic membrane 135.0, 1268.0, 1813.0, 2741.0, 3351.0, 3356.0, 3736.0, 3746.0, 3756.0, 4985.0, 8745.0 
GO:0055037 CC 1.05e-05 17/1165   125/29107 D08 recycling endosome                       1780.0, 2532.0, 2890.0, 5901.0, 6764.0, 8128.0, 9182.0, 9896.0, 10079.0, 10479.0, 22853.0, 22876.0, 27229.0, 57614.0, 79772.0, 201475.0, 376267.0 
GO:0070062 CC 1.06e-05 128/1165  2169/29107 D06 extracellular exosome                    88.0, 238.0, 284.0, 309.0, 523.0, 710.0, 720.0, 814.0, 830.0, 943.0, 952.0, 1009.0, 1644.0, 1824.0, 1829.0, 2040.0, 2195.0, 2196.0, 2335.0, 2674.0, 2734.0, 2762.0, 2774.0, 2787.0, 2878.0, 3015.0, 3490.0, 3646.0, 3685.0, 3842.0, 4053.0, 4256.0, 4300.0, 4811.0, 5048.0, 5412.0, 5583.0, 5590.0, 5627.0, 5783.0, 5793.0, 5861.0, 5862.0, 5870.0, 5901.0, 5912.0, 6125.0, 6386.0, 6557.0, 6812.0, 7007.0, 7060.0, 7266.0, 7336.0, 7360.0, 7402.0, 7416.0, 7798.0, 8566.0, 8814.0, 8836.0, 8857.0, 9097.0, 9182.0, 9317.0, 9349.0, 9353.0, 9365.0, 9371.0, 9545.0, 9555.0, 9748.0, 9868.0, 10006.0, 10159.0, 10204.0, 10207.0, 10434.0, 10525.0, 10768.0, 10787.0, 10903.0, 10920.0, 10923.0, 11034.0, 11041.0, 11098.0, 22836.0, 22866.0, 22949.0, 23327.0, 23406.0, 27069.0, 27293.0, 27445.0, 29789.0, 51678.0, 54039.0, 54622.0, 55187.0, 55832.0, 57132.0, 57180.0, 57446.0, 57535.0, 60496.0, 79017.0, 79971.0, 80210.0, 80218.0, 80727.0, 81029.0, 84612.0, 85477.0, 113220.0, 114569.0, 114899.0, 120939.0, 151556.0, 161436.0, 196463.0, 222389.0, 257397.0, 349667.0, 374897.0, 375035.0, 376267.0, 407040.0 
GO:0032590 CC 1.30e-05  8/1165    29/29107 D06 dendrite membrane                        2557.0, 2566.0, 3746.0, 3748.0, 4985.0, 23710.0, 24141.0, 79971.0 
GO:0005634 CC 1.51e-05 274/1165  5365/29107 D05 nucleus                                  43.0, 324.0, 641.0, 687.0, 814.0, 892.0, 952.0, 1022.0, 1107.0, 1602.0, 1612.0, 1656.0, 1750.0, 1780.0, 1859.0, 2004.0, 2074.0, 2195.0, 2241.0, 2259.0, 2273.0, 2355.0, 2551.0, 3015.0, 3646.0, 3667.0, 3720.0, 3735.0, 3776.0, 3840.0, 3842.0, 3899.0, 4026.0, 4088.0, 4092.0, 4188.0, 4212.0, 4257.0, 4300.0, 4495.0, 4861.0, 4879.0, 4952.0, 5071.0, 5074.0, 5090.0, 5121.0, 5128.0, 5141.0, 5144.0, 5178.0, 5468.0, 5527.0, 5550.0, 5563.0, 5581.0, 5596.0, 5597.0, 5599.0, 5728.0, 5740.0, 5782.0, 5783.0, 5862.0, 5901.0, 5937.0, 6049.0, 6125.0, 6386.0, 6498.0, 6604.0, 6664.0, 6741.0, 6907.0, 6934.0, 7046.0, 7071.0, 7157.0, 7267.0, 7320.0, 7336.0, 7337.0, 7360.0, 7416.0, 7428.0, 7490.0, 7518.0, 7552.0, 7561.0, 7652.0, 7697.0, 7798.0, 8036.0, 8438.0, 8527.0, 8566.0, 8634.0, 8648.0, 8731.0, 8787.0, 8814.0, 8836.0, 8851.0, 8926.0, 8932.0, 9063.0, 9079.0, 9097.0, 9162.0, 9232.0, 9270.0, 9315.0, 9475.0, 9531.0, 9555.0, 9581.0, 9690.0, 9722.0, 9960.0, 9991.0, 10006.0, 10009.0, 10082.0, 10138.0, 10231.0, 10260.0, 10388.0, 10485.0, 10499.0, 10522.0, 10539.0, 10580.0, 10724.0, 10769.0, 10920.0, 10923.0, 10927.0, 10950.0, 10953.0, 11098.0, 11171.0, 11214.0, 22861.0, 22869.0, 22877.0, 23040.0, 23076.0, 23216.0, 23261.0, 23286.0, 23345.0, 23392.0, 23406.0, 23648.0, 23786.0, 25820.0, 25925.0, 25937.0, 25950.0, 26011.0, 26112.0, 26123.0, 26278.0, 26297.0, 26508.0, 27086.0, 27443.0, 29081.0, 29969.0, 29994.0, 51102.0, 51132.0, 51339.0, 51377.0, 51385.0, 51422.0, 51655.0, 53944.0, 54039.0, 54332.0, 54726.0, 54816.0, 54880.0, 54892.0, 54931.0, 54937.0, 54997.0, 55110.0, 55122.0, 55190.0, 55662.0, 55769.0, 55832.0, 55924.0, 56256.0, 57103.0, 57186.0, 57335.0, 57496.0, 57531.0, 59339.0, 64207.0, 64641.0, 64839.0, 64919.0, 78990.0, 79187.0, 79673.0, 79718.0, 79871.0, 79876.0, 79935.0, 80218.0, 80319.0, 81856.0, 84529.0, 84612.0, 84812.0, 84897.0, 84962.0, 85015.0, 85397.0, 85443.0, 85453.0, 85460.0, 90592.0, 90874.0, 91752.0, 112942.0, 113802.0, 114928.0, 116113.0, 117178.0, 124359.0, 126068.0, 126070.0, 127933.0, 128553.0, 134111.0, 134728.0, 135112.0, 136051.0, 136319.0, 137392.0, 138199.0, 139735.0, 144195.0, 145282.0, 146057.0, 162963.0, 163049.0, 163059.0, 195814.0, 200424.0, 219790.0, 221336.0, 221662.0, 221692.0, 221937.0, 284391.0, 284443.0, 340533.0, 340554.0, 344787.0, 346157.0, 388558.0, 388610.0, 389136.0, 402055.0, 440097.0, 440823.0, 644815.0, 647309.0, 729967.0 
GO:0099061 CC 1.66e-05 10/1165    48/29107 D08 integral component of postsynaptic density membrane 1814.0, 2890.0, 2895.0, 2903.0, 4985.0, 7779.0, 53616.0, 81832.0, 145581.0, 388336.0 
GO:0005938 CC 3.03e-05 18/1165   149/29107 D03 cell cortex                              2241.0, 3748.0, 3918.0, 5048.0, 6764.0, 8153.0, 9478.0, 9936.0, 10539.0, 11214.0, 22836.0, 23332.0, 54874.0, 55188.0, 56288.0, 84612.0, 85477.0, 143098.0 
GO:0070382 CC 5.44e-05  7/1165    26/29107 D08 exocytic vesicle                         6860.0, 57586.0, 84258.0, 94121.0, 127833.0, 148281.0, 341359.0 
GO:0030285 CC 5.77e-05  8/1165    35/29107 D05 integral component of synaptic vesicle membrane 4985.0, 6855.0, 6860.0, 7466.0, 22987.0, 23673.0, 132204.0, 140679.0 
GO:0098793 CC 6.93e-05 14/1165   104/29107 D02 presynapse                               783.0, 5071.0, 6543.0, 6581.0, 8447.0, 8851.0, 9379.0, 11255.0, 23268.0, 26258.0, 29081.0, 51560.0, 91752.0, 341359.0 
GO:0005789 CC 1.09e-04 64/1165   967/29107 D04 endoplasmic reticulum membrane           224.0, 412.0, 1040.0, 1047.0, 2131.0, 2181.0, 2589.0, 2890.0, 2903.0, 3291.0, 3776.0, 3845.0, 4257.0, 4948.0, 5627.0, 5740.0, 5862.0, 5870.0, 6386.0, 6441.0, 6786.0, 7345.0, 7466.0, 7991.0, 9867.0, 10125.0, 10159.0, 10479.0, 10768.0, 28978.0, 50640.0, 51302.0, 51308.0, 51435.0, 54495.0, 54511.0, 55146.0, 56648.0, 56894.0, 57198.0, 57205.0, 57476.0, 57535.0, 57620.0, 64429.0, 65055.0, 79772.0, 79876.0, 79971.0, 80339.0, 84649.0, 84812.0, 112609.0, 116150.0, 130367.0, 145173.0, 153830.0, 165679.0, 195814.0, 197021.0, 203547.0, 253558.0, 253782.0, 387914.0 
GO:0008021 CC 1.46e-04 15/1165   125/29107 D09 synaptic vesicle                         273.0, 1644.0, 2903.0, 6616.0, 6855.0, 7416.0, 9545.0, 10966.0, 22987.0, 23673.0, 51305.0, 134957.0, 142684.0, 201475.0, 376267.0 
GO:0098666 CC 2.48e-04  3/1165     4/29107 D04 G protein-coupled serotonin receptor complex 3351.0, 3356.0, 3358.0 
GO:0001518 CC 4.21e-04  5/1165    17/29107 D07 voltage-gated sodium channel complex     6324.0, 6330.0, 6334.0, 8913.0, 55800.0 
GO:0032281 CC 4.69e-04  6/1165    26/29107 D07 AMPA glutamate receptor complex          2890.0, 2892.0, 59283.0, 118427.0, 375567.0, 388336.0 
GO:0043204 CC 5.44e-04 16/1165   156/29107 D02 perikaryon                               1813.0, 1821.0, 2741.0, 3736.0, 3748.0, 3756.0, 4131.0, 5126.0, 5152.0, 5179.0, 6324.0, 6543.0, 8851.0, 10008.0, 85397.0, 349667.0 
GO:0030864 CC 5.83e-04  8/1165    48/29107 D07 cortical actin cytoskeleton              88.0, 3927.0, 7402.0, 11034.0, 11214.0, 23406.0, 25924.0, 130271.0 
GO:0030175 CC 6.38e-04 10/1165    73/29107 D05 filopodium                               88.0, 2195.0, 4254.0, 7402.0, 9936.0, 10160.0, 25876.0, 53904.0, 65059.0, 121512.0 
GO:0031410 CC 7.12e-04 24/1165   288/29107 D06 cytoplasmic vesicle                      119.0, 636.0, 1824.0, 3356.0, 3736.0, 5870.0, 6334.0, 8153.0, 8763.0, 9097.0, 10260.0, 22836.0, 23392.0, 50632.0, 51560.0, 54874.0, 55667.0, 59353.0, 79971.0, 80183.0, 80319.0, 134429.0, 140767.0, 154810.0 
GO:0044305 CC 9.55e-04  5/1165    20/29107 D04 calyx of Held                            2741.0, 3351.0, 3736.0, 3746.0, 3776.0 
GO:0030426 CC 1.06e-03 14/1165   135/29107 D03 growth cone                              1268.0, 4131.0, 4747.0, 5923.0, 6616.0, 7402.0, 8851.0, 10006.0, 22853.0, 25791.0, 27124.0, 81544.0, 91752.0, 140767.0 
GO:0031901 CC 1.07e-03 16/1165   166/29107 D07 early endosome membrane                  753.0, 2890.0, 3756.0, 4952.0, 9372.0, 9896.0, 10079.0, 10479.0, 22876.0, 23673.0, 24141.0, 55283.0, 56937.0, 79572.0, 79971.0, 115123.0 
GO:0035869 CC 1.26e-03  6/1165    31/29107 D02 ciliary transition zone                  8814.0, 22920.0, 65250.0, 112942.0, 137392.0, 146057.0 
GO:0043231 CC 1.30e-03 53/1165   846/29107 D04 intracellular membrane-bounded organelle 151.0, 224.0, 412.0, 523.0, 753.0, 1730.0, 1829.0, 2741.0, 2889.0, 3480.0, 3667.0, 3756.0, 5126.0, 5468.0, 5581.0, 6049.0, 6678.0, 7482.0, 8814.0, 8851.0, 8905.0, 9372.0, 9685.0, 9896.0, 10479.0, 10953.0, 22841.0, 22876.0, 22891.0, 23007.0, 23035.0, 23673.0, 25849.0, 51302.0, 54596.0, 54602.0, 54805.0, 55667.0, 56648.0, 56937.0, 57504.0, 57586.0, 79876.0, 80183.0, 80212.0, 81796.0, 84649.0, 114884.0, 115123.0, 124540.0, 160851.0, 283358.0, 729085.0 
GO:0005249 MF 3.73e-07 17/1165    58/29107 D09 voltage-gated potassium channel activity 3736.0, 3746.0, 3748.0, 3752.0, 3754.0, 3756.0, 3778.0, 3786.0, 3787.0, 3788.0, 6616.0, 23416.0, 23630.0, 27133.0, 51305.0, 57657.0, 348980.0 
GO:0005085 MF 1.24e-06 25/1165   210/29107 D06 guanyl-nucleotide exchange factor activity 2889.0, 5877.0, 5923.0, 6654.0, 6764.0, 10125.0, 10160.0, 10260.0, 10451.0, 10565.0, 11214.0, 23268.0, 25791.0, 26297.0, 51196.0, 55103.0, 55160.0, 55188.0, 55667.0, 64283.0, 84812.0, 121512.0, 139818.0, 153020.0, 163259.0 
GO:0005509 MF 2.22e-06 65/1165   704/29107 D05 calcium ion binding                      88.0, 309.0, 1009.0, 1047.0, 1463.0, 1824.0, 1829.0, 2195.0, 2196.0, 2820.0, 3423.0, 4053.0, 4256.0, 4706.0, 4753.0, 4811.0, 5121.0, 5627.0, 6263.0, 6469.0, 6586.0, 6678.0, 6786.0, 6860.0, 7060.0, 7092.0, 8447.0, 8604.0, 8851.0, 9353.0, 9478.0, 10125.0, 23007.0, 26167.0, 27445.0, 29930.0, 54749.0, 54798.0, 54997.0, 55784.0, 55959.0, 56097.0, 56129.0, 56130.0, 56131.0, 56132.0, 56133.0, 56884.0, 57088.0, 57586.0, 57620.0, 64420.0, 79057.0, 79772.0, 83698.0, 84258.0, 84812.0, 85477.0, 92211.0, 120114.0, 127833.0, 148281.0, 162494.0, 286097.0, 341359.0 
GO:0005524 MF 3.67e-06 96/1165  1456/29107 D08 ATP binding                              27.0, 31.0, 90.0, 111.0, 115.0, 238.0, 478.0, 523.0, 641.0, 659.0, 814.0, 956.0, 1022.0, 1107.0, 1612.0, 1656.0, 1859.0, 2074.0, 2181.0, 2241.0, 3480.0, 3735.0, 3758.0, 4139.0, 4649.0, 4881.0, 4905.0, 5028.0, 5128.0, 5563.0, 5581.0, 5583.0, 5590.0, 5596.0, 5597.0, 5599.0, 6041.0, 6334.0, 7046.0, 7320.0, 7371.0, 8438.0, 8527.0, 8566.0, 8634.0, 8814.0, 9060.0, 9162.0, 9175.0, 9201.0, 9371.0, 9475.0, 9748.0, 10079.0, 10525.0, 10667.0, 10769.0, 11040.0, 11113.0, 22836.0, 22853.0, 22861.0, 23012.0, 23026.0, 23400.0, 29789.0, 50640.0, 51422.0, 51761.0, 53904.0, 53944.0, 54805.0, 55359.0, 55681.0, 55728.0, 57180.0, 57198.0, 57205.0, 65220.0, 79572.0, 79876.0, 80308.0, 84896.0, 85443.0, 113220.0, 127933.0, 129607.0, 130399.0, 134111.0, 146057.0, 150472.0, 160851.0, 166379.0, 202374.0, 284076.0, 284716.0 
GO:0019901 MF 3.72e-06 41/1165   469/29107 D05 protein kinase binding                   119.0, 160.0, 324.0, 636.0, 987.0, 1130.0, 1917.0, 2181.0, 3455.0, 3756.0, 4088.0, 4744.0, 4905.0, 5071.0, 5590.0, 5596.0, 5597.0, 5801.0, 6812.0, 6934.0, 7157.0, 7402.0, 7416.0, 8153.0, 8660.0, 8851.0, 9175.0, 9270.0, 9555.0, 11113.0, 22836.0, 22841.0, 22866.0, 51400.0, 51422.0, 55924.0, 94032.0, 113828.0, 117854.0, 644815.0, 100133941.0 
GO:0046872 MF 3.87e-06 149/1165  2299/29107 D04 metal ion binding                        31.0, 90.0, 111.0, 115.0, 400.0, 412.0, 478.0, 659.0, 687.0, 1290.0, 2131.0, 2273.0, 2742.0, 2766.0, 2774.0, 3052.0, 3682.0, 3685.0, 3752.0, 3778.0, 3927.0, 3983.0, 4026.0, 4092.0, 4495.0, 4649.0, 4884.0, 4905.0, 5141.0, 5144.0, 5150.0, 5152.0, 5178.0, 5563.0, 5581.0, 5583.0, 5590.0, 6041.0, 6049.0, 6543.0, 7046.0, 7071.0, 7267.0, 7337.0, 7360.0, 7552.0, 7561.0, 7652.0, 7697.0, 8438.0, 8527.0, 8897.0, 9162.0, 9175.0, 9334.0, 9372.0, 9379.0, 9475.0, 9867.0, 10009.0, 10010.0, 10138.0, 10451.0, 10522.0, 10539.0, 11041.0, 11113.0, 11128.0, 11214.0, 22869.0, 22891.0, 23035.0, 25925.0, 26108.0, 27086.0, 27115.0, 28987.0, 29789.0, 29994.0, 51132.0, 51196.0, 51385.0, 54492.0, 54511.0, 54816.0, 55190.0, 55568.0, 55769.0, 55847.0, 57168.0, 57335.0, 57452.0, 60682.0, 63917.0, 64131.0, 64207.0, 64283.0, 64397.0, 64409.0, 64641.0, 64919.0, 65220.0, 65981.0, 79038.0, 79572.0, 79624.0, 79673.0, 79814.0, 79871.0, 80821.0, 81794.0, 81856.0, 84962.0, 85301.0, 85460.0, 90592.0, 90874.0, 91752.0, 94121.0, 113802.0, 116113.0, 116150.0, 121512.0, 126068.0, 126070.0, 128553.0, 128611.0, 130399.0, 136051.0, 137902.0, 139735.0, 144193.0, 160760.0, 160851.0, 162466.0, 162963.0, 163049.0, 163059.0, 202374.0, 283209.0, 284391.0, 284443.0, 284716.0, 337876.0, 340554.0, 344787.0, 346157.0, 388558.0, 390916.0 
GO:0005515 MF 6.46e-06 722/1165 12405/29107 D02 protein binding                          10.0, 27.0, 31.0, 43.0, 88.0, 90.0, 135.0, 151.0, 160.0, 224.0, 238.0, 273.0, 309.0, 324.0, 379.0, 478.0, 523.0, 636.0, 641.0, 659.0, 710.0, 744.0, 783.0, 797.0, 830.0, 887.0, 892.0, 956.0, 1022.0, 1040.0, 1107.0, 1130.0, 1268.0, 1602.0, 1612.0, 1620.0, 1644.0, 1656.0, 1690.0, 1780.0, 1813.0, 1814.0, 1824.0, 1859.0, 1917.0, 1944.0, 1962.0, 2004.0, 2029.0, 2035.0, 2036.0, 2040.0, 2074.0, 2181.0, 2195.0, 2241.0, 2259.0, 2262.0, 2273.0, 2280.0, 2281.0, 2335.0, 2355.0, 2551.0, 2566.0, 2572.0, 2668.0, 2740.0, 2741.0, 2762.0, 2774.0, 2787.0, 2878.0, 2889.0, 2890.0, 2895.0, 2903.0, 2975.0, 2977.0, 2982.0, 2995.0, 3015.0, 3052.0, 3351.0, 3356.0, 3358.0, 3455.0, 3480.0, 3490.0, 3598.0, 3624.0, 3632.0, 3646.0, 3667.0, 3685.0, 3730.0, 3735.0, 3736.0, 3746.0, 3752.0, 3754.0, 3756.0, 3763.0, 3778.0, 3786.0, 3787.0, 3788.0, 3840.0, 3842.0, 3845.0, 3914.0, 3927.0, 3983.0, 4026.0, 4053.0, 4062.0, 4088.0, 4092.0, 4131.0, 4135.0, 4139.0, 4157.0, 4188.0, 4212.0, 4254.0, 4256.0, 4257.0, 4300.0, 4338.0, 4356.0, 4495.0, 4649.0, 4697.0, 4702.0, 4706.0, 4711.0, 4741.0, 4744.0, 4747.0, 4753.0, 4879.0, 4897.0, 4905.0, 4948.0, 4952.0, 4953.0, 4985.0, 5028.0, 5048.0, 5069.0, 5071.0, 5074.0, 5121.0, 5126.0, 5128.0, 5141.0, 5144.0, 5152.0, 5201.0, 5412.0, 5468.0, 5502.0, 5504.0, 5520.0, 5527.0, 5550.0, 5563.0, 5581.0, 5583.0, 5590.0, 5596.0, 5597.0, 5599.0, 5627.0, 5728.0, 5740.0, 5746.0, 5782.0, 5783.0, 5793.0, 5801.0, 5861.0, 5862.0, 5870.0, 5877.0, 5901.0, 5912.0, 5937.0, 6041.0, 6049.0, 6125.0, 6253.0, 6258.0, 6324.0, 6330.0, 6334.0, 6386.0, 6441.0, 6469.0, 6489.0, 6498.0, 6581.0, 6616.0, 6638.0, 6654.0, 6678.0, 6710.0, 6741.0, 6764.0, 6786.0, 6812.0, 6855.0, 6860.0, 6907.0, 6921.0, 6934.0, 7046.0, 7060.0, 7071.0, 7157.0, 7260.0, 7266.0, 7267.0, 7292.0, 7320.0, 7336.0, 7337.0, 7345.0, 7357.0, 7360.0, 7402.0, 7416.0, 7428.0, 7466.0, 7490.0, 7518.0, 7552.0, 7697.0, 7750.0, 7779.0, 7782.0, 7784.0, 7978.0, 8030.0, 8036.0, 8139.0, 8153.0, 8170.0, 8200.0, 8438.0, 8527.0, 8534.0, 8604.0, 8648.0, 8660.0, 8682.0, 8731.0, 8745.0, 8763.0, 8836.0, 8851.0, 8857.0, 8897.0, 8905.0, 8932.0, 9060.0, 9063.0, 9079.0, 9097.0, 9120.0, 9162.0, 9175.0, 9182.0, 9211.0, 9232.0, 9240.0, 9253.0, 9258.0, 9270.0, 9315.0, 9317.0, 9349.0, 9353.0, 9371.0, 9372.0, 9447.0, 9475.0, 9478.0, 9515.0, 9531.0, 9545.0, 9555.0, 9685.0, 9690.0, 9722.0, 9748.0, 9783.0, 9832.0, 9851.0, 9867.0, 9868.0, 9896.0, 9936.0, 10006.0, 10008.0, 10009.0, 10010.0, 10069.0, 10076.0, 10079.0, 10082.0, 10100.0, 10138.0, 10159.0, 10160.0, 10204.0, 10207.0, 10260.0, 10426.0, 10434.0, 10451.0, 10499.0, 10522.0, 10525.0, 10539.0, 10565.0, 10580.0, 10625.0, 10667.0, 10678.0, 10742.0, 10768.0, 10769.0, 10787.0, 10920.0, 10923.0, 10927.0, 10950.0, 10953.0, 10966.0, 11022.0, 11034.0, 11040.0, 11041.0, 11072.0, 11098.0, 11113.0, 11122.0, 11171.0, 11214.0, 11275.0, 22808.0, 22836.0, 22841.0, 22852.0, 22853.0, 22861.0, 22866.0, 22876.0, 22891.0, 22917.0, 22920.0, 22949.0, 22987.0, 23012.0, 23026.0, 23035.0, 23074.0, 23076.0, 23092.0, 23118.0, 23199.0, 23216.0, 23268.0, 23286.0, 23315.0, 23327.0, 23332.0, 23345.0, 23392.0, 23400.0, 23406.0, 23416.0, 23531.0, 23592.0, 23630.0, 23648.0, 23673.0, 23710.0, 23765.0, 23786.0, 25791.0, 25820.0, 25849.0, 25876.0, 25924.0, 25925.0, 25937.0, 25950.0, 25977.0, 26011.0, 26108.0, 26123.0, 26207.0, 26235.0, 26258.0, 26268.0, 26273.0, 26297.0, 26508.0, 26996.0, 27069.0, 27086.0, 27124.0, 27229.0, 27346.0, 28978.0, 28987.0, 28998.0, 29081.0, 29090.0, 29094.0, 29789.0, 29906.0, 29944.0, 29967.0, 29969.0, 29994.0, 50632.0, 50944.0, 51108.0, 51196.0, 51285.0, 51308.0, 51334.0, 51339.0, 51363.0, 51377.0, 51400.0, 51422.0, 51435.0, 51560.0, 51655.0, 51669.0, 51678.0, 51761.0, 53616.0, 53904.0, 53944.0, 54332.0, 54432.0, 54438.0, 54492.0, 54495.0, 54549.0, 54557.0, 54596.0, 54602.0, 54622.0, 54726.0, 54749.0, 54865.0, 54874.0, 54880.0, 54887.0, 54892.0, 54914.0, 54931.0, 54946.0, 54997.0, 55054.0, 55076.0, 55090.0, 55103.0, 55110.0, 55122.0, 55146.0, 55190.0, 55243.0, 55244.0, 55282.0, 55359.0, 55615.0, 55620.0, 55662.0, 55681.0, 55686.0, 55728.0, 55759.0, 55764.0, 55769.0, 55800.0, 55832.0, 55844.0, 56132.0, 56256.0, 56288.0, 56521.0, 56648.0, 56675.0, 56884.0, 56894.0, 56902.0, 56937.0, 56961.0, 57088.0, 57103.0, 57125.0, 57128.0, 57132.0, 57182.0, 57198.0, 57205.0, 57335.0, 57482.0, 57496.0, 57504.0, 57531.0, 57554.0, 57620.0, 57631.0, 57633.0, 57657.0, 57718.0, 57863.0, 58516.0, 59339.0, 59352.0, 59353.0, 60496.0, 64065.0, 64112.0, 64207.0, 64393.0, 64429.0, 64641.0, 64756.0, 64785.0, 64839.0, 64841.0, 64866.0, 64919.0, 65055.0, 65059.0, 65220.0, 65981.0, 78990.0, 79038.0, 79624.0, 79656.0, 79673.0, 79718.0, 79871.0, 79876.0, 79939.0, 79962.0, 79971.0, 79979.0, 80183.0, 80212.0, 80218.0, 80228.0, 80308.0, 80309.0, 80723.0, 80790.0, 80821.0, 80896.0, 81544.0, 81621.0, 81794.0, 81853.0, 83544.0, 83605.0, 83698.0, 83851.0, 83861.0, 84102.0, 84258.0, 84301.0, 84529.0, 84561.0, 84612.0, 84649.0, 84812.0, 84897.0, 84962.0, 84984.0, 85015.0, 85352.0, 85397.0, 85453.0, 85865.0, 90639.0, 90874.0, 91977.0, 94121.0, 112609.0, 112611.0, 112942.0, 113802.0, 113828.0, 114569.0, 114884.0, 114899.0, 114928.0, 115123.0, 115294.0, 116113.0, 116150.0, 116832.0, 117178.0, 117854.0, 118427.0, 120939.0, 121256.0, 122553.0, 122961.0, 123016.0, 124359.0, 124540.0, 124935.0, 125113.0, 126068.0, 126070.0, 126969.0, 127703.0, 127833.0, 127933.0, 128434.0, 128553.0, 128853.0, 130271.0, 131118.0, 132204.0, 134111.0, 134429.0, 134728.0, 135112.0, 136051.0, 137392.0, 138199.0, 139818.0, 140767.0, 143098.0, 145282.0, 145581.0, 146057.0, 146223.0, 146433.0, 147339.0, 148252.0, 148534.0, 150379.0, 151354.0, 152789.0, 153339.0, 154810.0, 158219.0, 158866.0, 160418.0, 160760.0, 161253.0, 162466.0, 163049.0, 163059.0, 165679.0, 166379.0, 167691.0, 169166.0, 195814.0, 196264.0, 196463.0, 197131.0, 200424.0, 201475.0, 203547.0, 205147.0, 206358.0, 221662.0, 221692.0, 221937.0, 222389.0, 222553.0, 246330.0, 253558.0, 253782.0, 253943.0, 255919.0, 257397.0, 283310.0, 283768.0, 284076.0, 284391.0, 284716.0, 285172.0, 286499.0, 339390.0, 339983.0, 344787.0, 345557.0, 348980.0, 374618.0, 375035.0, 375323.0, 375484.0, 375567.0, 376267.0, 387914.0, 388121.0, 388272.0, 388336.0, 389421.0, 440097.0, 493869.0, 541466.0, 613212.0, 642938.0, 644815.0, 647309.0, 729967.0, 100133941.0 
GO:0003779 MF 7.05e-06 27/1165   261/29107 D04 actin binding                            119.0, 1730.0, 2035.0, 2036.0, 3778.0, 3983.0, 4131.0, 4649.0, 5071.0, 5074.0, 6710.0, 7111.0, 7402.0, 10580.0, 11275.0, 23012.0, 23345.0, 23406.0, 25876.0, 25924.0, 53904.0, 85477.0, 91977.0, 121512.0, 130271.0, 221692.0, 644150.0 
GO:0001786 MF 1.93e-05 11/1165    59/29107 D04 phosphatidylserine binding               309.0, 4139.0, 6860.0, 57476.0, 57586.0, 84258.0, 85477.0, 114884.0, 127833.0, 148281.0, 341359.0 
GO:0044325 MF 2.40e-05 17/1165   133/29107 D03 transmembrane transporter binding        88.0, 2273.0, 2280.0, 2281.0, 3746.0, 3752.0, 3756.0, 5144.0, 6324.0, 6330.0, 7416.0, 9783.0, 10008.0, 23327.0, 23630.0, 27133.0, 55800.0 
GO:0005251 MF 3.65e-05  8/1165    33/29107 D10 delayed rectifier potassium channel activity 3736.0, 3746.0, 3748.0, 3756.0, 3786.0, 3787.0, 10008.0, 23630.0 
GO:0035255 MF 7.10e-05  7/1165    27/29107 D05 ionotropic glutamate receptor binding    1813.0, 4905.0, 5728.0, 8851.0, 50944.0, 81832.0, 388336.0 
GO:0005525 MF 7.93e-05 32/1165   373/29107 D08 GTP binding                              309.0, 379.0, 400.0, 1612.0, 1917.0, 2774.0, 2977.0, 2982.0, 3845.0, 4881.0, 5861.0, 5862.0, 5870.0, 5901.0, 5912.0, 8153.0, 9258.0, 9545.0, 10966.0, 22808.0, 22836.0, 29789.0, 51285.0, 51560.0, 51655.0, 54622.0, 85865.0, 142684.0, 148252.0, 161253.0, 201475.0, 376267.0 
GO:0003924 MF 8.42e-05 26/1165   282/29107 D07 GTPase activity                          379.0, 400.0, 1917.0, 2774.0, 2787.0, 3845.0, 5861.0, 5862.0, 5870.0, 5901.0, 5912.0, 8153.0, 9545.0, 10966.0, 22808.0, 22836.0, 51285.0, 51560.0, 51655.0, 54622.0, 85865.0, 142684.0, 148252.0, 161253.0, 201475.0, 376267.0 
GO:0017075 MF 9.70e-05  6/1165    20/29107 D05 syntaxin-1 binding                       1612.0, 4905.0, 6616.0, 6812.0, 6860.0, 134957.0 
GO:0030165 MF 1.26e-04 12/1165    84/29107 D04 PDZ domain binding                       2787.0, 2890.0, 2895.0, 4356.0, 4905.0, 5071.0, 5728.0, 11113.0, 51232.0, 59339.0, 80319.0, 388336.0 
GO:0005248 MF 1.31e-04  6/1165    21/29107 D09 voltage-gated sodium channel activity    6324.0, 6330.0, 6334.0, 8913.0, 57657.0, 348980.0 
GO:0051015 MF 1.32e-04 21/1165   212/29107 D05 actin filament binding                   27.0, 88.0, 119.0, 309.0, 783.0, 830.0, 3927.0, 3983.0, 6710.0, 7111.0, 7402.0, 8851.0, 11034.0, 23026.0, 23345.0, 23406.0, 26258.0, 57180.0, 84962.0, 85477.0, 91624.0 
GO:0017046 MF 1.58e-04  8/1165    40/29107 D04 peptide hormone binding                  90.0, 887.0, 2740.0, 3624.0, 4881.0, 5021.0, 5746.0, 9340.0 
GO:0042802 MF 1.83e-04 89/1165  1494/29107 D03 identical protein binding                31.0, 88.0, 135.0, 238.0, 309.0, 641.0, 892.0, 952.0, 1268.0, 1612.0, 1813.0, 1859.0, 2040.0, 2335.0, 2741.0, 2762.0, 2878.0, 3033.0, 3356.0, 3358.0, 3480.0, 3624.0, 3735.0, 3756.0, 4088.0, 4188.0, 4199.0, 4257.0, 4747.0, 5048.0, 5071.0, 5468.0, 5728.0, 5793.0, 6386.0, 6786.0, 6812.0, 6855.0, 7157.0, 7360.0, 7371.0, 7416.0, 7518.0, 7784.0, 8030.0, 8200.0, 8527.0, 8604.0, 9175.0, 9353.0, 9447.0, 9748.0, 10125.0, 10204.0, 10539.0, 10768.0, 10923.0, 11275.0, 22841.0, 22866.0, 26258.0, 27086.0, 50944.0, 54749.0, 54887.0, 54931.0, 55054.0, 55122.0, 55847.0, 56130.0, 56288.0, 57132.0, 64841.0, 79187.0, 80212.0, 80308.0, 80896.0, 81853.0, 84301.0, 112609.0, 114294.0, 114899.0, 117854.0, 124540.0, 145282.0, 154810.0, 283659.0, 348980.0, 389941.0 
GO:0044877 MF 1.87e-04 30/1165   360/29107 D02 protein-containing complex binding       135.0, 160.0, 1813.0, 2074.0, 2572.0, 2741.0, 2977.0, 3356.0, 3624.0, 3756.0, 3845.0, 3914.0, 4131.0, 4697.0, 4702.0, 4747.0, 4905.0, 5071.0, 5520.0, 5590.0, 6386.0, 7416.0, 8648.0, 9531.0, 10769.0, 27133.0, 50632.0, 50944.0, 57504.0, 167691.0 
GO:1904315 MF 2.26e-04  7/1165    32/29107 D10 transmitter-gated ion channel activity involved in regulation of postsynaptic membrane potential 2557.0, 2566.0, 2741.0, 2742.0, 2890.0, 2895.0, 2898.0 
GO:0004984 MF 3.53e-06  1/1165   399/29107 D04 olfactory receptor activity              343171.0 
