GO:0001934 BP 7.84e-07 26/1267   189/29107 D09 positive regulation of protein phosphorylation 1392.0, 1616.0, 2246.0, 2324.0, 3306.0, 3611.0, 4318.0, 5151.0, 5595.0, 5747.0, 5879.0, 5919.0, 7010.0, 7423.0, 8312.0, 8398.0, 10211.0, 10507.0, 10826.0, 22998.0, 28232.0, 28996.0, 57161.0, 79602.0, 84830.0, 84922.0 
GO:0045665 BP 9.61e-07 14/1267    58/29107 D06 negative regulation of neuron differentiation 429.0, 655.0, 1840.0, 3670.0, 4099.0, 6900.0, 9043.0, 9283.0, 9745.0, 10215.0, 28514.0, 57540.0, 58190.0, 85458.0 
GO:0007399 BP 1.17e-06 37/1267   340/29107 D04 nervous system development               1155.0, 1995.0, 2048.0, 2065.0, 2705.0, 2824.0, 3156.0, 4155.0, 4336.0, 4669.0, 4815.0, 5376.0, 5453.0, 5764.0, 6598.0, 6599.0, 6602.0, 6609.0, 6663.0, 6721.0, 7975.0, 9037.0, 9241.0, 9638.0, 9839.0, 10220.0, 10439.0, 10612.0, 10858.0, 23098.0, 23138.0, 29116.0, 55626.0, 57556.0, 79739.0, 79966.0, 93185.0 
GO:0071526 BP 1.19e-06 10/1267    34/29107 D06 semaphorin-plexin signaling pathway      396.0, 5364.0, 5879.0, 7869.0, 9037.0, 10507.0, 54910.0, 56920.0, 57556.0, 57715.0 
GO:0006287 BP 1.60e-06 10/1267    35/29107 D07 base-excision repair, gap-filling        2237.0, 3980.0, 4913.0, 4968.0, 5111.0, 5425.0, 6117.0, 7515.0, 54936.0, 79661.0 
GO:0008360 BP 2.09e-06 21/1267   149/29107 D06 regulation of cell shape                 391.0, 396.0, 1739.0, 1902.0, 2242.0, 3249.0, 3689.0, 4651.0, 5364.0, 5747.0, 5764.0, 5879.0, 5881.0, 10154.0, 10435.0, 10507.0, 11135.0, 11151.0, 57471.0, 58480.0, 114793.0 
GO:0035556 BP 2.21e-06 41/1267   394/29107 D05 intracellular signal transduction        323.0, 1124.0, 2011.0, 3925.0, 5334.0, 5364.0, 5582.0, 5588.0, 5589.0, 5595.0, 5600.0, 5663.0, 5879.0, 5881.0, 6195.0, 6300.0, 6494.0, 7039.0, 8605.0, 8986.0, 9448.0, 9578.0, 9649.0, 9891.0, 10110.0, 10278.0, 10298.0, 10497.0, 23031.0, 23139.0, 23263.0, 23589.0, 26118.0, 27347.0, 29941.0, 64798.0, 65268.0, 84446.0, 91614.0, 340371.0, 399694.0 
GO:0050790 BP 2.32e-06 35/1267   337/29107 D03 regulation of catalytic activity         392.0, 394.0, 396.0, 825.0, 1793.0, 3996.0, 4925.0, 5863.0, 6242.0, 9138.0, 9605.0, 9649.0, 9732.0, 9839.0, 10435.0, 23258.0, 23263.0, 26030.0, 26575.0, 27147.0, 28964.0, 29899.0, 54545.0, 57584.0, 57636.0, 79658.0, 79874.0, 81554.0, 84173.0, 115703.0, 116983.0, 116987.0, 116988.0, 389541.0, 642517.0 
GO:0043066 BP 3.54e-06 46/1267   495/29107 D07 negative regulation of apoptotic process 396.0, 429.0, 599.0, 665.0, 825.0, 1027.0, 1410.0, 1718.0, 2274.0, 2324.0, 2729.0, 2796.0, 3066.0, 3249.0, 3479.0, 4058.0, 4318.0, 4968.0, 5455.0, 5663.0, 5747.0, 5757.0, 6195.0, 6422.0, 6663.0, 7010.0, 7039.0, 7082.0, 7314.0, 7349.0, 7917.0, 8996.0, 9026.0, 9104.0, 9448.0, 10253.0, 10370.0, 10507.0, 29904.0, 51074.0, 64399.0, 65264.0, 79658.0, 92291.0, 153769.0, 399687.0 
GO:0045893 BP 4.41e-06 54/1267   636/29107 D10 positive regulation of transcription, DNA-templated 81.0, 322.0, 391.0, 655.0, 825.0, 999.0, 1616.0, 1840.0, 1869.0, 3054.0, 3066.0, 3479.0, 3609.0, 3611.0, 3757.0, 5453.0, 5455.0, 5605.0, 5663.0, 6195.0, 6422.0, 6599.0, 6663.0, 7018.0, 7508.0, 7547.0, 7862.0, 8301.0, 8312.0, 8805.0, 9049.0, 9586.0, 9968.0, 10084.0, 10155.0, 10370.0, 10524.0, 10664.0, 10743.0, 11243.0, 23291.0, 23558.0, 23598.0, 28996.0, 51147.0, 54870.0, 55223.0, 55809.0, 57805.0, 60313.0, 64321.0, 79831.0, 84632.0, 84905.0 
GO:0014003 BP 4.97e-06  8/1267    24/29107 D05 oligodendrocyte development              429.0, 928.0, 6663.0, 9968.0, 11076.0, 56978.0, 79885.0, 116448.0 
GO:0007015 BP 8.10e-06 18/1267   125/29107 D05 actin filament organization              391.0, 1739.0, 3092.0, 4641.0, 5879.0, 5881.0, 7018.0, 9026.0, 10435.0, 11151.0, 29119.0, 56203.0, 57175.0, 57471.0, 57477.0, 65108.0, 79585.0, 84327.0 
GO:0022010 BP 8.86e-06  6/1267    13/29107 D05 central nervous system myelination       443.0, 4099.0, 5354.0, 6663.0, 6900.0, 84504.0 
GO:0000122 BP 1.28e-05 68/1267   898/29107 D11 negative regulation of transcription by RNA polymerase II 322.0, 429.0, 1739.0, 1869.0, 2119.0, 2263.0, 2274.0, 3054.0, 3066.0, 3068.0, 3297.0, 3299.0, 3661.0, 3670.0, 5111.0, 5663.0, 6663.0, 6720.0, 6721.0, 6829.0, 6839.0, 6944.0, 7068.0, 7091.0, 7314.0, 7541.0, 7551.0, 7593.0, 7936.0, 7975.0, 8725.0, 8863.0, 9241.0, 9734.0, 9745.0, 9839.0, 10155.0, 10215.0, 10370.0, 10401.0, 10507.0, 10524.0, 10664.0, 10732.0, 11060.0, 22933.0, 23314.0, 23414.0, 23598.0, 26147.0, 28986.0, 28996.0, 51043.0, 51274.0, 53615.0, 54567.0, 54623.0, 55929.0, 56957.0, 79413.0, 83482.0, 83855.0, 84504.0, 84678.0, 90523.0, 169841.0, 200014.0, 221527.0 
GO:0006283 BP 1.43e-05 13/1267    73/29107 D09 transcription-coupled nucleotide-excision repair 2067.0, 2873.0, 3980.0, 5111.0, 5425.0, 5430.0, 5436.0, 6117.0, 7314.0, 7515.0, 50813.0, 56949.0, 57654.0 
GO:0042552 BP 1.51e-05 10/1267    44/29107 D04 myelination                              4118.0, 4155.0, 5653.0, 7572.0, 8537.0, 9444.0, 10215.0, 51090.0, 83700.0, 256987.0 
GO:0001755 BP 1.87e-05 10/1267    45/29107 D06 neural crest cell migration              3670.0, 3911.0, 6663.0, 7869.0, 9037.0, 10507.0, 54910.0, 56920.0, 57556.0, 57715.0 
GO:0007409 BP 2.60e-05 13/1267    77/29107 D09 axonogenesis                             322.0, 1267.0, 1496.0, 2263.0, 3670.0, 3925.0, 3996.0, 8301.0, 10211.0, 57698.0, 65078.0, 80128.0, 84446.0 
GO:0051056 BP 2.90e-05 18/1267   137/29107 D07 regulation of small GTPase mediated signal transduction 391.0, 392.0, 394.0, 396.0, 1124.0, 5879.0, 5881.0, 6494.0, 9138.0, 23263.0, 27237.0, 57584.0, 57636.0, 58480.0, 79658.0, 89941.0, 91614.0, 115703.0 
GO:0000132 BP 3.13e-05  8/1267    30/29107 D09 establishment of mitotic spindle orientation 10252.0, 10253.0, 23291.0, 29899.0, 54820.0, 54908.0, 55968.0, 89958.0 
GO:0007411 BP 3.57e-05 24/1267   220/29107 D04 axon guidance                            655.0, 2048.0, 2115.0, 3911.0, 5588.0, 5595.0, 5747.0, 6711.0, 6900.0, 7869.0, 9037.0, 9638.0, 9846.0, 10507.0, 11313.0, 53358.0, 54910.0, 55715.0, 55816.0, 56920.0, 57556.0, 57715.0, 85358.0, 729920.0 
GO:0030335 BP 4.54e-05 26/1267   245/29107 D07 positive regulation of cell migration    81.0, 2048.0, 2246.0, 2771.0, 3479.0, 3611.0, 4162.0, 4318.0, 4641.0, 5354.0, 5747.0, 6810.0, 7082.0, 7869.0, 9037.0, 9043.0, 9448.0, 10253.0, 10507.0, 11151.0, 25777.0, 54910.0, 56920.0, 57556.0, 57715.0, 153769.0 
GO:0008366 BP 5.00e-05  4/1267     6/29107 D03 axon ensheathment                        4155.0, 5010.0, 5354.0, 5453.0 
GO:1902747 BP 5.00e-05  4/1267     6/29107 D07 negative regulation of lens fiber cell differentiation 10252.0, 10253.0, 161742.0, 399473.0 
GO:0018105 BP 5.40e-05 20/1267   170/29107 D09 peptidyl-serine phosphorylation          1454.0, 2011.0, 3611.0, 5582.0, 5588.0, 5595.0, 6195.0, 6300.0, 7444.0, 8986.0, 9641.0, 10110.0, 23031.0, 23139.0, 25989.0, 27347.0, 28996.0, 29941.0, 84446.0, 139728.0 
GO:0042982 BP 5.75e-05  5/1267    11/29107 D05 amyloid precursor protein metabolic process 1739.0, 5653.0, 5663.0, 9911.0, 51107.0 
GO:0043161 BP 6.52e-05 21/1267   186/29107 D09 proteasome-mediated ubiquitin-dependent protein catabolic process 5720.0, 5886.0, 8405.0, 10273.0, 10524.0, 10612.0, 11060.0, 22933.0, 23053.0, 23291.0, 23510.0, 51035.0, 54620.0, 55968.0, 57154.0, 64777.0, 64795.0, 79654.0, 116988.0, 130617.0, 387921.0 
GO:0007165 BP 6.75e-05 73/1267  1035/29107 D04 signal transduction                      41.0, 286.0, 322.0, 1019.0, 1314.0, 1392.0, 1454.0, 1793.0, 2065.0, 2246.0, 2771.0, 2796.0, 2888.0, 3068.0, 3479.0, 3705.0, 3925.0, 4058.0, 5136.0, 5151.0, 5364.0, 5796.0, 5922.0, 6195.0, 6242.0, 6300.0, 6455.0, 6457.0, 6494.0, 6609.0, 7010.0, 7039.0, 7075.0, 7186.0, 8045.0, 8473.0, 8612.0, 8741.0, 8742.0, 8911.0, 9028.0, 9127.0, 9578.0, 9765.0, 9770.0, 9784.0, 9989.0, 10298.0, 10397.0, 11018.0, 23048.0, 23098.0, 23239.0, 23303.0, 26578.0, 27347.0, 29941.0, 50940.0, 54567.0, 54769.0, 55631.0, 57524.0, 57584.0, 57636.0, 64399.0, 79006.0, 79658.0, 79874.0, 80274.0, 116173.0, 116988.0, 163404.0, 201176.0 
GO:0010628 BP 8.59e-05 40/1267   473/29107 D06 positive regulation of gene expression   655.0, 1392.0, 1869.0, 2048.0, 2246.0, 2934.0, 3054.0, 3249.0, 3297.0, 3479.0, 3675.0, 4037.0, 4097.0, 5311.0, 5354.0, 5453.0, 5455.0, 5595.0, 5600.0, 5663.0, 6663.0, 6770.0, 8805.0, 9241.0, 9444.0, 9682.0, 9699.0, 10253.0, 10370.0, 10401.0, 10439.0, 10664.0, 28514.0, 51043.0, 54567.0, 57165.0, 64321.0, 79031.0, 84830.0, 114897.0 
GO:0098609 BP 8.88e-05 18/1267   149/29107 D03 cell-cell adhesion                       999.0, 1496.0, 1739.0, 1740.0, 3384.0, 3689.0, 3911.0, 5318.0, 5499.0, 5663.0, 7082.0, 7087.0, 10298.0, 11135.0, 23513.0, 29119.0, 83700.0, 168507.0 
GO:0048843 BP 9.24e-05  7/1267    26/29107 D11 negative regulation of axon extension involved in axon guidance 7869.0, 9037.0, 10507.0, 54910.0, 56920.0, 57556.0, 57715.0 
GO:0030705 BP 1.12e-04  6/1267    19/29107 D05 cytoskeleton-dependent intracellular transport 547.0, 4651.0, 7846.0, 10749.0, 23095.0, 79929.0 
GO:0006564 BP 1.13e-04  4/1267     7/29107 D10 L-serine biosynthetic process            10955.0, 26227.0, 29968.0, 256987.0 
GO:0045892 BP 1.13e-04 44/1267   547/29107 D10 negative regulation of transcription, DNA-templated 429.0, 655.0, 825.0, 863.0, 1027.0, 1410.0, 1616.0, 1869.0, 2729.0, 3066.0, 3609.0, 5455.0, 5796.0, 6418.0, 6422.0, 6839.0, 7541.0, 7572.0, 8242.0, 8805.0, 8914.0, 9682.0, 9734.0, 10155.0, 10370.0, 10514.0, 10524.0, 10664.0, 11060.0, 22933.0, 23291.0, 23414.0, 23598.0, 51147.0, 55809.0, 55929.0, 57805.0, 58533.0, 79831.0, 81628.0, 83746.0, 84504.0, 84875.0, 283248.0 
GO:0015031 BP 1.14e-04 32/1267   356/29107 D05 protein transport                        81.0, 1497.0, 2801.0, 2824.0, 5663.0, 9897.0, 10612.0, 10897.0, 23209.0, 23225.0, 23265.0, 25930.0, 27106.0, 27147.0, 27241.0, 28952.0, 57020.0, 57511.0, 79585.0, 79856.0, 79874.0, 80199.0, 84938.0, 90355.0, 92714.0, 113402.0, 115703.0, 116986.0, 116987.0, 127829.0, 163486.0, 326624.0 
GO:0061024 BP 1.31e-04 16/1267   127/29107 D04 membrane organization                    950.0, 1718.0, 3092.0, 4155.0, 7018.0, 7039.0, 7314.0, 8301.0, 8871.0, 9026.0, 9829.0, 22905.0, 23048.0, 23149.0, 51429.0, 143425.0 
GO:0070373 BP 1.34e-04 12/1267    78/29107 D09 negative regulation of ERK1 and ERK2 cascade 1445.0, 1739.0, 2048.0, 10252.0, 10253.0, 11221.0, 57556.0, 65268.0, 154043.0, 161742.0, 374403.0, 399473.0 
GO:0043547 BP 1.36e-04 18/1267   154/29107 D06 positive regulation of GTPase activity   1124.0, 2775.0, 5364.0, 5657.0, 5910.0, 6422.0, 8301.0, 8853.0, 9104.0, 9448.0, 10507.0, 27352.0, 51429.0, 55619.0, 65078.0, 115704.0, 163486.0, 201176.0 
GO:0007010 BP 1.41e-04 17/1267   141/29107 D05 cytoskeleton organization                286.0, 1496.0, 3852.0, 6494.0, 6711.0, 7368.0, 9203.0, 9578.0, 10298.0, 23031.0, 23139.0, 29763.0, 57553.0, 57556.0, 58480.0, 79658.0, 114793.0 
GO:0007613 BP 1.52e-04 12/1267    79/29107 D06 memory                                   41.0, 2237.0, 3675.0, 4137.0, 5663.0, 5764.0, 6529.0, 7054.0, 8398.0, 23373.0, 85358.0, 729956.0 
GO:0010288 BP 1.54e-04  6/1267    20/29107 D05 response to lead ion                     1019.0, 4137.0, 5499.0, 5860.0, 6529.0, 6770.0 
GO:0050771 BP 1.54e-04  6/1267    20/29107 D09 negative regulation of axonogenesis      396.0, 2048.0, 4099.0, 4974.0, 5663.0, 65078.0 
GO:0007169 BP 1.58e-04 16/1267   129/29107 D07 transmembrane receptor protein tyrosine kinase signaling pathway 2048.0, 2065.0, 2242.0, 2263.0, 2324.0, 4058.0, 5747.0, 7010.0, 7075.0, 9068.0, 9846.0, 10278.0, 53358.0, 55715.0, 55816.0, 399694.0 
GO:0006468 BP 1.79e-04 38/1267   459/29107 D07 protein phosphorylation                  1019.0, 1198.0, 1445.0, 1454.0, 2011.0, 3609.0, 3611.0, 3991.0, 4058.0, 4296.0, 5164.0, 5582.0, 5595.0, 5600.0, 6046.0, 7444.0, 8986.0, 9448.0, 9578.0, 9625.0, 9641.0, 9770.0, 9891.0, 9989.0, 10110.0, 10298.0, 10420.0, 10733.0, 23139.0, 27347.0, 28996.0, 29941.0, 65268.0, 84446.0, 117283.0, 126520.0, 203054.0, 340371.0 
GO:0006915 BP 1.89e-04 43/1267   547/29107 D04 apoptotic process                        322.0, 825.0, 1718.0, 1793.0, 2263.0, 3092.0, 3661.0, 3689.0, 4118.0, 4832.0, 5133.0, 5414.0, 5436.0, 5551.0, 5595.0, 6195.0, 6242.0, 7917.0, 8045.0, 8312.0, 8473.0, 8742.0, 9026.0, 9274.0, 9927.0, 10227.0, 10298.0, 22822.0, 22827.0, 23095.0, 23239.0, 23241.0, 28986.0, 29965.0, 51074.0, 51147.0, 55819.0, 57556.0, 65264.0, 79031.0, 84260.0, 158471.0, 399694.0 
GO:0050911 BP 1.30e-06  0/1267   399/29107 D05 detection of chemical stimulus involved in sensory perception of smell  
GO:0035195 BP 1.49e-06  0/1267   556/29107 D10 gene silencing by miRNA                   
GO:0006396 BP 9.20e-05  4/1267   421/29107 D07 RNA processing                           9410.0, 11100.0, 27037.0, 55323.0 
GO:0043209 CC 1.51e-07 12/1267    28/29107 D02 myelin sheath                            2752.0, 2775.0, 4099.0, 4155.0, 5354.0, 6900.0, 7846.0, 10382.0, 22933.0, 57165.0, 57471.0, 256987.0 
GO:0015630 CC 6.11e-07 23/1267   162/29107 D06 microtubule cytoskeleton                 989.0, 1155.0, 1410.0, 2242.0, 4134.0, 4137.0, 5414.0, 7846.0, 9053.0, 9891.0, 9927.0, 10253.0, 10397.0, 10435.0, 23139.0, 23176.0, 55700.0, 56062.0, 57698.0, 58526.0, 63935.0, 151011.0, 163782.0 
GO:0005874 CC 9.64e-07 37/1267   298/29107 D06 microtubule                              547.0, 1155.0, 1739.0, 1781.0, 1783.0, 2801.0, 3834.0, 3835.0, 3925.0, 4134.0, 4137.0, 4296.0, 5605.0, 7846.0, 9053.0, 9638.0, 10382.0, 10397.0, 10749.0, 11076.0, 22933.0, 23095.0, 23098.0, 23303.0, 24139.0, 26052.0, 54617.0, 54820.0, 57698.0, 58526.0, 63971.0, 79739.0, 79929.0, 79969.0, 84445.0, 89953.0, 158135.0 
GO:0043025 CC 1.15e-06 39/1267   356/29107 D03 neuronal cell body                       322.0, 347.0, 429.0, 547.0, 1152.0, 2048.0, 3054.0, 3249.0, 3611.0, 4137.0, 4155.0, 4651.0, 5136.0, 5663.0, 5816.0, 5881.0, 6529.0, 6558.0, 6623.0, 6770.0, 6900.0, 7314.0, 8301.0, 9026.0, 9127.0, 9312.0, 9638.0, 9897.0, 10382.0, 10439.0, 23242.0, 23291.0, 23373.0, 23542.0, 51035.0, 57154.0, 57471.0, 65078.0, 92737.0 
GO:0031410 CC 1.30e-06 33/1267   288/29107 D06 cytoplasmic vesicle                      20.0, 391.0, 2242.0, 2263.0, 4891.0, 4943.0, 5879.0, 5881.0, 7018.0, 7039.0, 7054.0, 8312.0, 9510.0, 9784.0, 10211.0, 22822.0, 23048.0, 23095.0, 23138.0, 23209.0, 23769.0, 25851.0, 27106.0, 28514.0, 51429.0, 51604.0, 55626.0, 79585.0, 79628.0, 80824.0, 90342.0, 92714.0, 161742.0 
GO:0030424 CC 1.80e-06 35/1267   311/29107 D05 axon                                     547.0, 1312.0, 1410.0, 1496.0, 2048.0, 3054.0, 3996.0, 4134.0, 4137.0, 5010.0, 5816.0, 6529.0, 6900.0, 7054.0, 8898.0, 8927.0, 9053.0, 9638.0, 10439.0, 10749.0, 11151.0, 23095.0, 23098.0, 23138.0, 23176.0, 23242.0, 23303.0, 25983.0, 57154.0, 57556.0, 57609.0, 57698.0, 79969.0, 220296.0, 342035.0 
GO:0048471 CC 2.25e-06 66/1267   708/29107 D02 perinuclear region of cytoplasm          81.0, 215.0, 322.0, 347.0, 392.0, 762.0, 999.0, 1019.0, 1267.0, 1739.0, 3297.0, 3675.0, 3757.0, 4336.0, 4864.0, 4891.0, 5337.0, 5582.0, 5605.0, 5663.0, 5730.0, 5764.0, 5881.0, 5922.0, 6418.0, 6494.0, 6623.0, 6810.0, 7018.0, 7039.0, 7054.0, 8301.0, 8312.0, 8742.0, 8871.0, 8898.0, 9026.0, 9043.0, 9053.0, 9625.0, 9820.0, 10397.0, 10524.0, 10955.0, 11076.0, 11145.0, 11344.0, 22933.0, 23209.0, 23242.0, 23769.0, 25780.0, 26052.0, 29941.0, 51762.0, 55626.0, 57175.0, 57407.0, 57467.0, 57698.0, 79031.0, 79654.0, 79658.0, 81876.0, 256987.0, 342977.0 
GO:0005783 CC 2.71e-06 82/1267  1036/29107 D05 endoplasmic reticulum                    175.0, 322.0, 347.0, 394.0, 665.0, 1471.0, 1718.0, 1739.0, 2531.0, 2861.0, 3156.0, 3433.0, 4118.0, 4864.0, 4925.0, 5311.0, 5589.0, 5605.0, 5653.0, 5663.0, 5764.0, 5910.0, 6418.0, 6721.0, 6748.0, 7108.0, 7368.0, 7444.0, 7448.0, 7869.0, 8612.0, 8733.0, 8824.0, 8985.0, 9817.0, 9897.0, 9911.0, 10273.0, 10439.0, 10491.0, 10749.0, 10858.0, 11018.0, 11068.0, 11145.0, 11342.0, 22846.0, 23120.0, 23209.0, 23240.0, 23241.0, 23295.0, 25800.0, 26232.0, 29914.0, 29956.0, 49855.0, 51024.0, 51035.0, 51107.0, 54788.0, 55627.0, 57458.0, 57467.0, 57540.0, 64834.0, 65078.0, 79031.0, 79071.0, 79090.0, 79152.0, 84317.0, 84514.0, 84899.0, 92579.0, 130617.0, 158747.0, 160335.0, 222068.0, 283999.0, 284119.0, 376497.0 
GO:0005789 CC 2.72e-06 77/1267   967/29107 D04 endoplasmic reticulum membrane           215.0, 391.0, 950.0, 1183.0, 1314.0, 1718.0, 1739.0, 2166.0, 2531.0, 2705.0, 2861.0, 2905.0, 3156.0, 3249.0, 5311.0, 5337.0, 5663.0, 5730.0, 5833.0, 5879.0, 6440.0, 6720.0, 6721.0, 7039.0, 7108.0, 7314.0, 7444.0, 8605.0, 8608.0, 8612.0, 8733.0, 8985.0, 9517.0, 9619.0, 9911.0, 10826.0, 10858.0, 10897.0, 10994.0, 11018.0, 11068.0, 11342.0, 23109.0, 23120.0, 23225.0, 23769.0, 26002.0, 27087.0, 29914.0, 29956.0, 51107.0, 51368.0, 51604.0, 51700.0, 54788.0, 55016.0, 55144.0, 55627.0, 57458.0, 57467.0, 57540.0, 64834.0, 79071.0, 79152.0, 79669.0, 79966.0, 81876.0, 84502.0, 84720.0, 92579.0, 123099.0, 128869.0, 130617.0, 158747.0, 160335.0, 199974.0, 222068.0 
GO:0043231 CC 2.96e-06 73/1267   846/29107 D04 intracellular membrane-bounded organelle 20.0, 366.0, 645.0, 1027.0, 1312.0, 1497.0, 2760.0, 2888.0, 2956.0, 3092.0, 3344.0, 3988.0, 5589.0, 5657.0, 5747.0, 5768.0, 5796.0, 5886.0, 6345.0, 6598.0, 6602.0, 6642.0, 6721.0, 7108.0, 7368.0, 7448.0, 7508.0, 7917.0, 8301.0, 8608.0, 8824.0, 8898.0, 9026.0, 9765.0, 9784.0, 9829.0, 9869.0, 10220.0, 10514.0, 10897.0, 11243.0, 11342.0, 22905.0, 23048.0, 23239.0, 23283.0, 23295.0, 23555.0, 23670.0, 25851.0, 25930.0, 26505.0, 27087.0, 27347.0, 29886.0, 51704.0, 51762.0, 54896.0, 55626.0, 55631.0, 55902.0, 56899.0, 56949.0, 57477.0, 79874.0, 93185.0, 114876.0, 163486.0, 200014.0, 256987.0, 284119.0, 389541.0, 554282.0 
GO:0043218 CC 3.57e-06  4/1267     4/29107 D02 compact myelin                           4099.0, 4155.0, 5376.0, 51090.0 
GO:0070062 CC 3.97e-06 171/1267  2169/29107 D06 extracellular exosome                    39.0, 81.0, 347.0, 391.0, 392.0, 396.0, 410.0, 419.0, 634.0, 645.0, 762.0, 873.0, 928.0, 950.0, 989.0, 999.0, 1071.0, 1073.0, 1152.0, 1267.0, 1312.0, 1314.0, 1368.0, 1410.0, 1434.0, 1445.0, 1465.0, 1471.0, 1497.0, 1604.0, 1636.0, 1739.0, 1973.0, 2194.0, 2346.0, 2495.0, 2512.0, 2628.0, 2752.0, 2760.0, 2770.0, 2771.0, 2819.0, 2934.0, 3249.0, 3306.0, 3675.0, 3689.0, 3795.0, 3852.0, 3911.0, 3920.0, 3925.0, 4318.0, 4351.0, 4641.0, 4669.0, 4864.0, 4925.0, 5049.0, 5111.0, 5151.0, 5211.0, 5311.0, 5499.0, 5657.0, 5720.0, 5730.0, 5768.0, 5837.0, 5860.0, 5879.0, 5881.0, 5910.0, 6035.0, 6050.0, 6414.0, 6422.0, 6558.0, 6609.0, 6623.0, 6711.0, 6748.0, 6810.0, 6814.0, 6888.0, 7018.0, 7314.0, 7317.0, 7448.0, 7846.0, 7916.0, 7917.0, 8537.0, 8741.0, 8751.0, 8898.0, 8985.0, 9037.0, 9043.0, 9068.0, 9144.0, 9351.0, 9380.0, 9578.0, 9586.0, 9699.0, 10085.0, 10189.0, 10211.0, 10327.0, 10382.0, 10397.0, 10417.0, 10617.0, 11060.0, 11151.0, 11240.0, 11269.0, 11313.0, 11344.0, 23052.0, 23295.0, 23338.0, 23452.0, 23500.0, 23513.0, 23670.0, 25930.0, 26052.0, 26227.0, 28988.0, 29763.0, 29968.0, 50628.0, 51084.0, 51125.0, 51429.0, 51704.0, 51762.0, 51809.0, 55619.0, 55748.0, 56920.0, 56996.0, 57154.0, 57175.0, 57471.0, 57609.0, 57636.0, 58190.0, 58986.0, 64856.0, 65078.0, 65108.0, 80199.0, 81876.0, 83543.0, 92714.0, 93185.0, 93587.0, 114876.0, 116986.0, 127829.0, 139221.0, 221184.0, 254863.0, 256987.0, 283987.0, 339122.0, 341640.0 
GO:0005768 CC 4.04e-06 32/1267   295/29107 D07 endosome                                 20.0, 999.0, 1027.0, 1636.0, 1902.0, 3360.0, 5337.0, 6609.0, 6642.0, 6810.0, 9363.0, 9619.0, 9784.0, 9897.0, 10211.0, 10617.0, 22905.0, 23086.0, 23209.0, 25930.0, 28952.0, 29763.0, 51762.0, 55016.0, 55901.0, 57020.0, 58533.0, 84317.0, 114876.0, 116986.0, 118442.0, 326624.0 
GO:0016020 CC 4.11e-06 172/1267  2121/29107 D02 membrane                                 20.0, 215.0, 246.0, 323.0, 396.0, 634.0, 762.0, 928.0, 950.0, 1108.0, 1124.0, 1198.0, 1267.0, 1312.0, 1314.0, 1434.0, 1537.0, 1718.0, 1740.0, 1783.0, 1793.0, 1973.0, 2011.0, 2193.0, 2194.0, 2237.0, 2263.0, 2346.0, 2512.0, 2531.0, 2771.0, 3054.0, 3092.0, 3188.0, 3306.0, 3360.0, 3384.0, 3609.0, 3611.0, 3689.0, 3852.0, 3920.0, 3925.0, 3991.0, 4058.0, 4137.0, 4176.0, 4296.0, 4641.0, 4864.0, 4891.0, 5211.0, 5311.0, 5337.0, 5551.0, 5663.0, 5879.0, 6494.0, 6522.0, 6529.0, 6558.0, 6574.0, 6642.0, 6810.0, 7423.0, 7916.0, 7917.0, 8301.0, 8605.0, 8733.0, 8741.0, 8898.0, 8906.0, 8996.0, 9028.0, 9037.0, 9732.0, 9784.0, 9785.0, 9968.0, 10154.0, 10189.0, 10211.0, 10212.0, 10253.0, 10391.0, 10435.0, 10489.0, 10497.0, 10514.0, 10594.0, 10617.0, 10826.0, 10955.0, 10994.0, 11054.0, 11060.0, 11151.0, 11269.0, 23052.0, 23225.0, 23240.0, 23242.0, 23265.0, 23295.0, 25963.0, 26052.0, 26232.0, 26505.0, 27077.0, 27241.0, 28964.0, 29914.0, 29956.0, 50628.0, 51024.0, 51107.0, 51228.0, 51497.0, 51604.0, 51700.0, 51809.0, 54545.0, 54623.0, 54788.0, 54820.0, 54893.0, 55116.0, 55144.0, 55619.0, 55631.0, 56949.0, 57524.0, 57609.0, 57644.0, 63895.0, 64506.0, 64755.0, 64834.0, 79152.0, 79585.0, 79701.0, 81887.0, 83394.0, 83862.0, 84317.0, 84327.0, 84439.0, 84514.0, 84720.0, 84830.0, 84929.0, 89941.0, 92579.0, 93185.0, 114876.0, 116986.0, 116988.0, 123606.0, 127829.0, 128869.0, 158747.0, 168507.0, 201176.0, 256987.0, 283987.0, 284297.0, 347734.0, 374403.0, 375033.0, 376497.0, 399687.0 
GO:0005654 CC 4.89e-06 291/1267  3803/29107 D02 nucleoplasm                              37.0, 132.0, 322.0, 645.0, 863.0, 1019.0, 1027.0, 1059.0, 1108.0, 1163.0, 1198.0, 1410.0, 1434.0, 1454.0, 1616.0, 1793.0, 1840.0, 1869.0, 2011.0, 2048.0, 2067.0, 2119.0, 2130.0, 2187.0, 2188.0, 2237.0, 2246.0, 2274.0, 2324.0, 2771.0, 2873.0, 2956.0, 3054.0, 3066.0, 3068.0, 3188.0, 3276.0, 3297.0, 3344.0, 3609.0, 3611.0, 3661.0, 3980.0, 3988.0, 4097.0, 4123.0, 4176.0, 4303.0, 4641.0, 4913.0, 4968.0, 5111.0, 5164.0, 5252.0, 5305.0, 5318.0, 5414.0, 5425.0, 5430.0, 5436.0, 5453.0, 5455.0, 5499.0, 5514.0, 5595.0, 5600.0, 5663.0, 5720.0, 5757.0, 5886.0, 6017.0, 6046.0, 6050.0, 6117.0, 6195.0, 6294.0, 6300.0, 6397.0, 6418.0, 6429.0, 6598.0, 6599.0, 6602.0, 6663.0, 6720.0, 6721.0, 6829.0, 6839.0, 6944.0, 6949.0, 7015.0, 7068.0, 7091.0, 7186.0, 7314.0, 7317.0, 7391.0, 7398.0, 7508.0, 7515.0, 7541.0, 7547.0, 7572.0, 7593.0, 7862.0, 7916.0, 7917.0, 7936.0, 7975.0, 8038.0, 8189.0, 8242.0, 8405.0, 8473.0, 8479.0, 8605.0, 8725.0, 8741.0, 8805.0, 8815.0, 8914.0, 8986.0, 9049.0, 9092.0, 9130.0, 9203.0, 9338.0, 9410.0, 9641.0, 9682.0, 9734.0, 9770.0, 9785.0, 9817.0, 9839.0, 9869.0, 9891.0, 9897.0, 9968.0, 10084.0, 10110.0, 10155.0, 10189.0, 10212.0, 10220.0, 10252.0, 10273.0, 10370.0, 10401.0, 10420.0, 10514.0, 10524.0, 10538.0, 10594.0, 10617.0, 10656.0, 10664.0, 10743.0, 10929.0, 11066.0, 11100.0, 11129.0, 11194.0, 11221.0, 11243.0, 11269.0, 11342.0, 22822.0, 22827.0, 22828.0, 23060.0, 23091.0, 23149.0, 23283.0, 23314.0, 23338.0, 23373.0, 23378.0, 23414.0, 23464.0, 23513.0, 23598.0, 25792.0, 25851.0, 25930.0, 25983.0, 26048.0, 26097.0, 26147.0, 26277.0, 27043.0, 27338.0, 27347.0, 28952.0, 28991.0, 28996.0, 29803.0, 29844.0, 49855.0, 50485.0, 50628.0, 50813.0, 51035.0, 51043.0, 51076.0, 51147.0, 51274.0, 51343.0, 51433.0, 51497.0, 51533.0, 51647.0, 51704.0, 51762.0, 51780.0, 53615.0, 54443.0, 54475.0, 54540.0, 54617.0, 54623.0, 54870.0, 54936.0, 55619.0, 55644.0, 55718.0, 55748.0, 55793.0, 55806.0, 55809.0, 55902.0, 55929.0, 55968.0, 56915.0, 56949.0, 57101.0, 57154.0, 57407.0, 57460.0, 57473.0, 57477.0, 57553.0, 57645.0, 57654.0, 57805.0, 57819.0, 58190.0, 58493.0, 63935.0, 64223.0, 64321.0, 64506.0, 64795.0, 64858.0, 65264.0, 79031.0, 79042.0, 79661.0, 79829.0, 79831.0, 80152.0, 80169.0, 80824.0, 80895.0, 81887.0, 83637.0, 83746.0, 84305.0, 84446.0, 84515.0, 84678.0, 84811.0, 89958.0, 93587.0, 114907.0, 115708.0, 116154.0, 116461.0, 116986.0, 117246.0, 118611.0, 125988.0, 131870.0, 138639.0, 147645.0, 153769.0, 161742.0, 200014.0, 221527.0, 284119.0, 285489.0 
GO:0005829 CC 5.16e-06 418/1267  5275/29107 D02 cytosol                                  39.0, 81.0, 132.0, 215.0, 246.0, 286.0, 391.0, 392.0, 394.0, 396.0, 443.0, 547.0, 599.0, 645.0, 665.0, 825.0, 873.0, 989.0, 1019.0, 1027.0, 1124.0, 1152.0, 1155.0, 1312.0, 1314.0, 1371.0, 1410.0, 1434.0, 1445.0, 1454.0, 1496.0, 1616.0, 1718.0, 1725.0, 1739.0, 1740.0, 1781.0, 1783.0, 1793.0, 1840.0, 1973.0, 2048.0, 2193.0, 2194.0, 2242.0, 2246.0, 2324.0, 2342.0, 2356.0, 2495.0, 2512.0, 2593.0, 2647.0, 2729.0, 2752.0, 2760.0, 2771.0, 2819.0, 2873.0, 2888.0, 2934.0, 2956.0, 3092.0, 3188.0, 3276.0, 3297.0, 3306.0, 3433.0, 3611.0, 3661.0, 3705.0, 3790.0, 3795.0, 3835.0, 3852.0, 3925.0, 3988.0, 3991.0, 4123.0, 4134.0, 4137.0, 4155.0, 4176.0, 4303.0, 4337.0, 4351.0, 4524.0, 4641.0, 4651.0, 4832.0, 4925.0, 4968.0, 5049.0, 5073.0, 5096.0, 5136.0, 5151.0, 5164.0, 5202.0, 5211.0, 5305.0, 5414.0, 5499.0, 5522.0, 5551.0, 5582.0, 5588.0, 5595.0, 5600.0, 5605.0, 5657.0, 5720.0, 5747.0, 5757.0, 5837.0, 5860.0, 5863.0, 5879.0, 5881.0, 5886.0, 5910.0, 5922.0, 6003.0, 6017.0, 6050.0, 6195.0, 6242.0, 6300.0, 6397.0, 6418.0, 6422.0, 6455.0, 6468.0, 6494.0, 6558.0, 6642.0, 6711.0, 6720.0, 6721.0, 6770.0, 6810.0, 6814.0, 6888.0, 6949.0, 7015.0, 7054.0, 7082.0, 7186.0, 7314.0, 7317.0, 7398.0, 7508.0, 7541.0, 7705.0, 7846.0, 7862.0, 7916.0, 7917.0, 8073.0, 8078.0, 8100.0, 8189.0, 8242.0, 8301.0, 8312.0, 8398.0, 8473.0, 8495.0, 8497.0, 8605.0, 8636.0, 8725.0, 8733.0, 8741.0, 8805.0, 8815.0, 8871.0, 8898.0, 8986.0, 8996.0, 9026.0, 9043.0, 9049.0, 9053.0, 9092.0, 9104.0, 9138.0, 9256.0, 9380.0, 9410.0, 9641.0, 9682.0, 9732.0, 9738.0, 9765.0, 9770.0, 9784.0, 9812.0, 9814.0, 9817.0, 9820.0, 9829.0, 9839.0, 9846.0, 9897.0, 9927.0, 10020.0, 10110.0, 10189.0, 10252.0, 10253.0, 10273.0, 10327.0, 10382.0, 10397.0, 10435.0, 10454.0, 10489.0, 10497.0, 10617.0, 10733.0, 10929.0, 11060.0, 11076.0, 11145.0, 11151.0, 11221.0, 11234.0, 11240.0, 11243.0, 11313.0, 11342.0, 22822.0, 22903.0, 22905.0, 22933.0, 23048.0, 23052.0, 23053.0, 23098.0, 23149.0, 23209.0, 23239.0, 23258.0, 23263.0, 23265.0, 23291.0, 23295.0, 23303.0, 23373.0, 23378.0, 23555.0, 23589.0, 24142.0, 25930.0, 25963.0, 25974.0, 26046.0, 26048.0, 26118.0, 26227.0, 26232.0, 27077.0, 27147.0, 27154.0, 27237.0, 27241.0, 27338.0, 27347.0, 27352.0, 28952.0, 28964.0, 28988.0, 28991.0, 29116.0, 29119.0, 29763.0, 29886.0, 29899.0, 29904.0, 29968.0, 49855.0, 50628.0, 50813.0, 50940.0, 51005.0, 51024.0, 51035.0, 51074.0, 51076.0, 51084.0, 51088.0, 51147.0, 51228.0, 51343.0, 51368.0, 51429.0, 51433.0, 51477.0, 51533.0, 51555.0, 51647.0, 51654.0, 51704.0, 53358.0, 54545.0, 54617.0, 54620.0, 54820.0, 54893.0, 54899.0, 54908.0, 55223.0, 55224.0, 55313.0, 55619.0, 55626.0, 55643.0, 55700.0, 55715.0, 55718.0, 55748.0, 55793.0, 55809.0, 55816.0, 55901.0, 55902.0, 55929.0, 55968.0, 56899.0, 56915.0, 56957.0, 57060.0, 57154.0, 57161.0, 57175.0, 57407.0, 57553.0, 57571.0, 57584.0, 57636.0, 57819.0, 58478.0, 58480.0, 58526.0, 58533.0, 64077.0, 64122.0, 64223.0, 64422.0, 64506.0, 64777.0, 64854.0, 65264.0, 65268.0, 79031.0, 79090.0, 79585.0, 79658.0, 79661.0, 79735.0, 79739.0, 79829.0, 79831.0, 79874.0, 79969.0, 80152.0, 80169.0, 80325.0, 80765.0, 80824.0, 80895.0, 81876.0, 83394.0, 83988.0, 84260.0, 84305.0, 84327.0, 84445.0, 84515.0, 84632.0, 84735.0, 84875.0, 85358.0, 85458.0, 89941.0, 89958.0, 91614.0, 93436.0, 93587.0, 94274.0, 114793.0, 114876.0, 114907.0, 115703.0, 116986.0, 117283.0, 118611.0, 122773.0, 125061.0, 144699.0, 146330.0, 151393.0, 158135.0, 161742.0, 163486.0, 163782.0, 167153.0, 255189.0, 256987.0, 283987.0, 284119.0, 374403.0, 389856.0, 503542.0, 554282.0, 729359.0, 729920.0 
GO:0005737 CC 5.43e-06 373/1267  4675/29107 D02 cytoplasm                                39.0, 81.0, 175.0, 215.0, 322.0, 323.0, 347.0, 384.0, 392.0, 394.0, 825.0, 950.0, 999.0, 1027.0, 1073.0, 1108.0, 1155.0, 1267.0, 1314.0, 1371.0, 1392.0, 1410.0, 1434.0, 1445.0, 1454.0, 1465.0, 1496.0, 1718.0, 1725.0, 1739.0, 1781.0, 1793.0, 1840.0, 1902.0, 1973.0, 2011.0, 2067.0, 2130.0, 2193.0, 2242.0, 2246.0, 2263.0, 2346.0, 2356.0, 2495.0, 2512.0, 2593.0, 2752.0, 2770.0, 2771.0, 2861.0, 2888.0, 2934.0, 3054.0, 3066.0, 3068.0, 3092.0, 3276.0, 3297.0, 3306.0, 3360.0, 3433.0, 3609.0, 3661.0, 3670.0, 3705.0, 3795.0, 3834.0, 3852.0, 3925.0, 3980.0, 3996.0, 4099.0, 4137.0, 4160.0, 4201.0, 4296.0, 4303.0, 4355.0, 4641.0, 4817.0, 4891.0, 5049.0, 5073.0, 5202.0, 5252.0, 5311.0, 5318.0, 5334.0, 5430.0, 5499.0, 5595.0, 5600.0, 5634.0, 5636.0, 5653.0, 5720.0, 5747.0, 5816.0, 5837.0, 5860.0, 5879.0, 5886.0, 6046.0, 6195.0, 6300.0, 6345.0, 6397.0, 6418.0, 6455.0, 6494.0, 6599.0, 6623.0, 6640.0, 6642.0, 6711.0, 6720.0, 6721.0, 6888.0, 7010.0, 7054.0, 7082.0, 7314.0, 7317.0, 7444.0, 7461.0, 7508.0, 7547.0, 7846.0, 7862.0, 7917.0, 8045.0, 8073.0, 8189.0, 8312.0, 8405.0, 8522.0, 8537.0, 8725.0, 8741.0, 8815.0, 8863.0, 8898.0, 8986.0, 9043.0, 9049.0, 9071.0, 9092.0, 9104.0, 9127.0, 9138.0, 9256.0, 9380.0, 9444.0, 9448.0, 9578.0, 9638.0, 9641.0, 9649.0, 9651.0, 9670.0, 9731.0, 9734.0, 9770.0, 9817.0, 9820.0, 9829.0, 9846.0, 9869.0, 9891.0, 10020.0, 10084.0, 10189.0, 10212.0, 10215.0, 10273.0, 10278.0, 10298.0, 10382.0, 10391.0, 10397.0, 10401.0, 10420.0, 10435.0, 10489.0, 10514.0, 10538.0, 10612.0, 10733.0, 10743.0, 10826.0, 10929.0, 11054.0, 11060.0, 11076.0, 11123.0, 11135.0, 11145.0, 11151.0, 11178.0, 11221.0, 11240.0, 11269.0, 11313.0, 11344.0, 22828.0, 22846.0, 22933.0, 22998.0, 23098.0, 23109.0, 23139.0, 23148.0, 23149.0, 23209.0, 23239.0, 23240.0, 23295.0, 23303.0, 23373.0, 23414.0, 23510.0, 23542.0, 23558.0, 23589.0, 24139.0, 24142.0, 25930.0, 25974.0, 25989.0, 26052.0, 26232.0, 26575.0, 27043.0, 27106.0, 28986.0, 28988.0, 28996.0, 29763.0, 29844.0, 29899.0, 29904.0, 29914.0, 29968.0, 29970.0, 50628.0, 51035.0, 51074.0, 51076.0, 51088.0, 51127.0, 51429.0, 51477.0, 51647.0, 53615.0, 53637.0, 54467.0, 54540.0, 54545.0, 54623.0, 54893.0, 54899.0, 55016.0, 55144.0, 55218.0, 55223.0, 55323.0, 55421.0, 55572.0, 55619.0, 55626.0, 55631.0, 55644.0, 55715.0, 55816.0, 55819.0, 55861.0, 55902.0, 55929.0, 56062.0, 56203.0, 56915.0, 56957.0, 57060.0, 57154.0, 57175.0, 57460.0, 57471.0, 57477.0, 57524.0, 57540.0, 57609.0, 57698.0, 57701.0, 57805.0, 57819.0, 58473.0, 58533.0, 60680.0, 64097.0, 64223.0, 64399.0, 64506.0, 64777.0, 64795.0, 64858.0, 65108.0, 65268.0, 79031.0, 79661.0, 79763.0, 79828.0, 79867.0, 80199.0, 80325.0, 80824.0, 83394.0, 83543.0, 83714.0, 84173.0, 84260.0, 84305.0, 84327.0, 84446.0, 84448.0, 84513.0, 84514.0, 84632.0, 84875.0, 84922.0, 84938.0, 89953.0, 90355.0, 90933.0, 92291.0, 92714.0, 114907.0, 115703.0, 116986.0, 116987.0, 116988.0, 117283.0, 118611.0, 122060.0, 124401.0, 125061.0, 126520.0, 127829.0, 129787.0, 130617.0, 131870.0, 138639.0, 139728.0, 144699.0, 151393.0, 154043.0, 158471.0, 163782.0, 201176.0, 220296.0, 221184.0, 222166.0, 283987.0, 284119.0, 284297.0, 284565.0, 340371.0, 342977.0, 346673.0, 387357.0, 389432.0, 400961.0, 100505385.0 
GO:0005886 CC 5.47e-06 313/1267  4480/29107 D03 plasma membrane                          20.0, 41.0, 132.0, 246.0, 286.0, 322.0, 366.0, 391.0, 394.0, 419.0, 634.0, 645.0, 762.0, 825.0, 928.0, 944.0, 950.0, 999.0, 1181.0, 1267.0, 1312.0, 1318.0, 1368.0, 1395.0, 1445.0, 1471.0, 1497.0, 1604.0, 1636.0, 1739.0, 1740.0, 1902.0, 2011.0, 2048.0, 2065.0, 2130.0, 2194.0, 2263.0, 2324.0, 2346.0, 2686.0, 2752.0, 2770.0, 2771.0, 2775.0, 2824.0, 2828.0, 2861.0, 2888.0, 2905.0, 2934.0, 3036.0, 3062.0, 3249.0, 3306.0, 3360.0, 3384.0, 3611.0, 3675.0, 3689.0, 3757.0, 3768.0, 3790.0, 3920.0, 3996.0, 4058.0, 4099.0, 4134.0, 4137.0, 4155.0, 4160.0, 4162.0, 4340.0, 4641.0, 4651.0, 4818.0, 4891.0, 4925.0, 4974.0, 5010.0, 5049.0, 5100.0, 5133.0, 5168.0, 5305.0, 5311.0, 5318.0, 5334.0, 5337.0, 5348.0, 5354.0, 5364.0, 5376.0, 5499.0, 5551.0, 5582.0, 5588.0, 5595.0, 5638.0, 5657.0, 5663.0, 5747.0, 5764.0, 5796.0, 5879.0, 5881.0, 6003.0, 6345.0, 6422.0, 6522.0, 6529.0, 6558.0, 6574.0, 6579.0, 6609.0, 6810.0, 6814.0, 6900.0, 7010.0, 7015.0, 7018.0, 7039.0, 7082.0, 7087.0, 7314.0, 7368.0, 7433.0, 7508.0, 7862.0, 7916.0, 7936.0, 8038.0, 8073.0, 8189.0, 8301.0, 8325.0, 8398.0, 8473.0, 8522.0, 8605.0, 8612.0, 8742.0, 8751.0, 8853.0, 8871.0, 8910.0, 9026.0, 9037.0, 9049.0, 9071.0, 9127.0, 9132.0, 9138.0, 9283.0, 9312.0, 9351.0, 9363.0, 9427.0, 9578.0, 9619.0, 9638.0, 9649.0, 9651.0, 9732.0, 9770.0, 9846.0, 10154.0, 10211.0, 10252.0, 10253.0, 10278.0, 10368.0, 10397.0, 10435.0, 10497.0, 10507.0, 10617.0, 10955.0, 11018.0, 11135.0, 11145.0, 11151.0, 22802.0, 22905.0, 22933.0, 23048.0, 23120.0, 23139.0, 23149.0, 23209.0, 23239.0, 23240.0, 23242.0, 23263.0, 23265.0, 23295.0, 23373.0, 23378.0, 23513.0, 23555.0, 23632.0, 23670.0, 23671.0, 23769.0, 25780.0, 25792.0, 25800.0, 26052.0, 26505.0, 26575.0, 27106.0, 28232.0, 28514.0, 28977.0, 28988.0, 29116.0, 29763.0, 29970.0, 51107.0, 51429.0, 51533.0, 51704.0, 51762.0, 53358.0, 53637.0, 54413.0, 54567.0, 54769.0, 54899.0, 54933.0, 55016.0, 55144.0, 55313.0, 55529.0, 55644.0, 55652.0, 55968.0, 56899.0, 56996.0, 57020.0, 57101.0, 57154.0, 57175.0, 57406.0, 57553.0, 57578.0, 57584.0, 57828.0, 58480.0, 58986.0, 63895.0, 64762.0, 65078.0, 65108.0, 65268.0, 79602.0, 79628.0, 79658.0, 79885.0, 79957.0, 80274.0, 80325.0, 83700.0, 83862.0, 84173.0, 84260.0, 84445.0, 84466.0, 84502.0, 84513.0, 84632.0, 85315.0, 90134.0, 92714.0, 92737.0, 93185.0, 93377.0, 93643.0, 94015.0, 115703.0, 118442.0, 118611.0, 121601.0, 123606.0, 124274.0, 124976.0, 127829.0, 128869.0, 130132.0, 136227.0, 143425.0, 154215.0, 158747.0, 161742.0, 163404.0, 219287.0, 221184.0, 256987.0, 284119.0, 285489.0, 326624.0, 341640.0, 342035.0, 343450.0, 344805.0, 374403.0, 376497.0, 389813.0, 399473.0, 399694.0, 503542.0, 729359.0, 100505385.0 
GO:0005634 CC 5.98e-06 365/1267  5365/29107 D05 nucleus                                  81.0, 132.0, 286.0, 322.0, 323.0, 396.0, 429.0, 443.0, 665.0, 825.0, 863.0, 989.0, 1019.0, 1027.0, 1059.0, 1152.0, 1198.0, 1410.0, 1434.0, 1454.0, 1465.0, 1496.0, 1537.0, 1616.0, 1628.0, 1718.0, 1739.0, 1869.0, 2115.0, 2119.0, 2130.0, 2237.0, 2246.0, 2263.0, 2274.0, 2495.0, 2593.0, 2752.0, 2770.0, 2934.0, 2956.0, 3054.0, 3066.0, 3068.0, 3092.0, 3142.0, 3188.0, 3276.0, 3297.0, 3299.0, 3306.0, 3344.0, 3609.0, 3661.0, 3670.0, 3835.0, 3852.0, 3911.0, 4097.0, 4137.0, 4155.0, 4160.0, 4162.0, 4176.0, 4302.0, 4303.0, 4337.0, 4817.0, 4891.0, 4913.0, 4968.0, 5073.0, 5111.0, 5136.0, 5202.0, 5252.0, 5318.0, 5414.0, 5425.0, 5430.0, 5436.0, 5453.0, 5455.0, 5499.0, 5514.0, 5582.0, 5595.0, 5600.0, 5605.0, 5663.0, 5747.0, 5757.0, 5816.0, 5886.0, 6003.0, 6046.0, 6117.0, 6294.0, 6300.0, 6418.0, 6429.0, 6494.0, 6598.0, 6599.0, 6602.0, 6663.0, 6720.0, 6721.0, 6829.0, 6839.0, 6888.0, 6944.0, 7015.0, 7039.0, 7054.0, 7068.0, 7091.0, 7314.0, 7317.0, 7391.0, 7398.0, 7444.0, 7461.0, 7508.0, 7515.0, 7541.0, 7542.0, 7547.0, 7551.0, 7572.0, 7589.0, 7705.0, 7746.0, 7846.0, 7862.0, 7917.0, 7936.0, 7975.0, 8019.0, 8073.0, 8078.0, 8242.0, 8301.0, 8312.0, 8402.0, 8405.0, 8473.0, 8479.0, 8636.0, 8725.0, 8805.0, 8815.0, 8863.0, 8898.0, 8914.0, 8927.0, 8986.0, 9092.0, 9104.0, 9130.0, 9278.0, 9338.0, 9351.0, 9444.0, 9552.0, 9586.0, 9641.0, 9670.0, 9682.0, 9705.0, 9726.0, 9734.0, 9745.0, 9770.0, 9785.0, 9839.0, 9869.0, 9891.0, 9968.0, 10036.0, 10084.0, 10155.0, 10189.0, 10212.0, 10215.0, 10253.0, 10273.0, 10370.0, 10382.0, 10397.0, 10420.0, 10454.0, 10489.0, 10514.0, 10524.0, 10538.0, 10594.0, 10617.0, 10656.0, 10664.0, 10732.0, 10733.0, 10743.0, 11054.0, 11060.0, 11066.0, 11076.0, 11100.0, 11123.0, 11221.0, 11240.0, 11269.0, 11281.0, 22822.0, 22828.0, 22835.0, 22903.0, 22913.0, 22933.0, 23060.0, 23109.0, 23142.0, 23144.0, 23148.0, 23239.0, 23264.0, 23291.0, 23295.0, 23361.0, 23373.0, 23414.0, 23558.0, 23598.0, 25792.0, 25930.0, 26097.0, 26147.0, 26575.0, 27013.0, 27338.0, 28986.0, 28991.0, 28996.0, 29844.0, 29914.0, 29941.0, 29964.0, 29965.0, 50485.0, 51005.0, 51076.0, 51147.0, 51368.0, 51433.0, 51533.0, 51647.0, 51700.0, 54108.0, 54517.0, 54540.0, 54617.0, 54870.0, 54908.0, 54936.0, 55063.0, 55151.0, 55218.0, 55323.0, 55421.0, 55619.0, 55644.0, 55809.0, 55929.0, 55968.0, 56948.0, 56949.0, 56957.0, 56978.0, 57060.0, 57460.0, 57553.0, 57609.0, 57645.0, 57805.0, 57819.0, 58190.0, 58478.0, 58493.0, 58526.0, 58533.0, 60313.0, 60680.0, 63935.0, 64077.0, 64321.0, 64399.0, 64506.0, 64777.0, 64795.0, 64854.0, 65264.0, 79177.0, 79413.0, 79661.0, 79763.0, 79828.0, 79829.0, 79831.0, 79842.0, 79885.0, 80169.0, 80824.0, 80895.0, 81628.0, 81890.0, 83637.0, 83714.0, 83746.0, 83855.0, 84446.0, 84504.0, 84515.0, 84678.0, 84717.0, 84811.0, 84875.0, 84905.0, 84922.0, 89887.0, 90121.0, 90523.0, 91300.0, 93587.0, 114825.0, 114907.0, 115708.0, 116448.0, 116986.0, 116987.0, 116988.0, 117283.0, 125061.0, 126520.0, 131870.0, 132160.0, 139728.0, 140467.0, 147807.0, 153769.0, 169841.0, 197342.0, 200014.0, 221184.0, 254251.0, 284119.0, 285971.0, 342945.0, 342977.0, 346673.0, 387357.0, 389856.0, 503542.0, 642517.0, 100131017.0, 100507290.0 
GO:0005794 CC 7.16e-06 74/1267   986/29107 D05 Golgi apparatus                          41.0, 762.0, 1183.0, 1410.0, 1471.0, 1739.0, 2194.0, 2242.0, 2263.0, 2801.0, 2956.0, 3092.0, 3340.0, 3790.0, 4810.0, 4864.0, 4925.0, 5311.0, 5337.0, 5595.0, 5605.0, 5663.0, 5730.0, 5768.0, 6397.0, 6642.0, 7542.0, 8301.0, 8325.0, 8906.0, 8910.0, 8985.0, 9092.0, 9363.0, 9619.0, 9638.0, 9732.0, 9770.0, 9784.0, 9820.0, 10252.0, 10298.0, 10497.0, 10612.0, 10749.0, 10897.0, 11018.0, 11221.0, 11243.0, 25963.0, 26052.0, 29941.0, 51107.0, 51533.0, 51809.0, 55508.0, 55627.0, 57584.0, 79585.0, 79969.0, 81876.0, 83700.0, 84875.0, 85315.0, 93377.0, 93643.0, 136227.0, 151393.0, 222068.0, 256987.0, 283987.0, 326624.0, 339122.0, 347734.0 
GO:0030425 CC 8.56e-06 39/1267   417/29107 D05 dendrite                                 347.0, 547.0, 1152.0, 1312.0, 1395.0, 2011.0, 2048.0, 2771.0, 2775.0, 2796.0, 3054.0, 3360.0, 4137.0, 5100.0, 5582.0, 7054.0, 7349.0, 8725.0, 8898.0, 8927.0, 9312.0, 9638.0, 10368.0, 10401.0, 10612.0, 10749.0, 10858.0, 23095.0, 23098.0, 23138.0, 23242.0, 23373.0, 25983.0, 28988.0, 51035.0, 57609.0, 64506.0, 79739.0, 92737.0 
GO:0005856 CC 9.48e-06 38/1267   400/29107 D05 cytoskeleton                             286.0, 391.0, 396.0, 1718.0, 2166.0, 3092.0, 3996.0, 4355.0, 5595.0, 5747.0, 5879.0, 5881.0, 6640.0, 8189.0, 8871.0, 8910.0, 9026.0, 9578.0, 10253.0, 10435.0, 11135.0, 23048.0, 27347.0, 29116.0, 29119.0, 51088.0, 56203.0, 57471.0, 57475.0, 64097.0, 65108.0, 79867.0, 80128.0, 80199.0, 84173.0, 85458.0, 122060.0, 163782.0 
GO:0043197 CC 1.70e-05 20/1267   157/29107 D06 dendritic spine                          322.0, 1312.0, 1410.0, 4137.0, 4355.0, 5499.0, 5747.0, 5879.0, 6810.0, 8898.0, 9026.0, 9127.0, 11178.0, 26052.0, 26232.0, 29904.0, 55619.0, 56899.0, 85358.0, 115703.0 
GO:0032991 CC 2.13e-05 52/1267   644/29107 D01 protein-containing complex               81.0, 322.0, 825.0, 928.0, 1108.0, 1410.0, 1869.0, 2237.0, 2752.0, 3054.0, 3066.0, 3611.0, 4155.0, 4968.0, 5442.0, 5595.0, 5663.0, 5764.0, 5816.0, 5886.0, 6418.0, 6494.0, 6598.0, 6599.0, 6640.0, 6642.0, 6720.0, 6944.0, 7082.0, 7444.0, 8473.0, 9738.0, 9770.0, 9784.0, 10036.0, 10155.0, 10220.0, 10370.0, 10454.0, 10491.0, 10656.0, 11151.0, 23542.0, 29899.0, 51024.0, 53615.0, 54899.0, 79031.0, 81890.0, 83543.0, 115703.0, 284119.0 
GO:0009925 CC 2.80e-05 10/1267    47/29107 D04 basal plasma membrane                    634.0, 2065.0, 4641.0, 5311.0, 6558.0, 7010.0, 7018.0, 9132.0, 57477.0, 376497.0 
GO:0016021 CC 4.47e-05 204/1267  3570/29107 D03 integral component of membrane           20.0, 366.0, 634.0, 665.0, 950.0, 999.0, 1312.0, 1346.0, 1497.0, 1537.0, 1636.0, 1718.0, 2123.0, 2166.0, 2263.0, 2531.0, 2686.0, 2705.0, 2824.0, 3156.0, 3249.0, 3340.0, 3768.0, 3790.0, 4037.0, 4118.0, 4122.0, 4160.0, 4162.0, 4340.0, 4864.0, 5010.0, 5133.0, 5318.0, 5376.0, 5551.0, 5663.0, 5796.0, 6522.0, 6529.0, 6720.0, 6748.0, 6810.0, 7039.0, 7368.0, 7444.0, 7542.0, 8038.0, 8325.0, 8398.0, 8608.0, 8612.0, 8705.0, 8751.0, 9037.0, 9071.0, 9132.0, 9144.0, 9283.0, 9312.0, 9517.0, 9619.0, 9625.0, 9911.0, 9927.0, 10227.0, 10826.0, 10858.0, 10955.0, 10994.0, 11018.0, 11068.0, 11145.0, 11194.0, 11342.0, 23209.0, 23225.0, 23240.0, 23632.0, 23670.0, 23671.0, 25829.0, 25851.0, 25963.0, 26002.0, 26032.0, 26505.0, 27013.0, 27087.0, 29956.0, 51090.0, 51093.0, 51107.0, 51368.0, 51704.0, 51809.0, 53637.0, 54567.0, 54896.0, 54933.0, 55002.0, 55016.0, 55116.0, 55144.0, 55151.0, 55218.0, 55314.0, 55340.0, 55356.0, 55508.0, 55529.0, 55572.0, 55624.0, 55627.0, 55652.0, 55819.0, 55901.0, 56650.0, 56996.0, 56997.0, 57020.0, 57165.0, 57406.0, 57458.0, 57467.0, 57540.0, 57556.0, 57578.0, 58473.0, 59271.0, 63895.0, 64755.0, 79089.0, 79152.0, 79585.0, 79602.0, 79669.0, 79701.0, 79751.0, 79762.0, 79867.0, 79957.0, 79966.0, 83862.0, 84466.0, 84502.0, 84513.0, 84701.0, 84720.0, 84804.0, 84830.0, 84899.0, 84929.0, 85027.0, 85315.0, 90342.0, 92579.0, 92737.0, 93109.0, 93185.0, 93377.0, 113402.0, 116173.0, 118442.0, 121601.0, 123099.0, 123606.0, 124222.0, 124274.0, 124976.0, 128218.0, 129684.0, 129787.0, 143903.0, 147645.0, 148753.0, 151393.0, 154215.0, 158038.0, 160335.0, 170371.0, 199731.0, 199974.0, 200150.0, 203054.0, 203062.0, 220296.0, 222068.0, 254863.0, 256987.0, 283999.0, 285093.0, 341640.0, 342035.0, 343450.0, 344805.0, 347734.0, 375033.0, 375057.0, 387601.0, 387775.0, 401399.0, 441381.0, 100130933.0 
GO:0005739 CC 5.42e-05 88/1267  1310/29107 D05 mitochondrion                            37.0, 39.0, 384.0, 665.0, 1346.0, 1371.0, 1410.0, 1537.0, 1593.0, 1632.0, 1869.0, 2011.0, 2109.0, 2237.0, 2356.0, 2628.0, 2729.0, 2752.0, 2796.0, 3609.0, 3661.0, 3980.0, 4137.0, 4817.0, 4891.0, 4913.0, 5096.0, 5164.0, 5202.0, 5414.0, 5442.0, 5595.0, 5605.0, 5653.0, 5663.0, 5910.0, 6300.0, 6821.0, 7054.0, 7314.0, 7317.0, 7508.0, 8398.0, 8402.0, 8725.0, 8733.0, 8996.0, 9026.0, 9256.0, 9619.0, 9638.0, 9812.0, 9927.0, 10165.0, 11076.0, 11194.0, 23095.0, 23098.0, 23241.0, 23456.0, 23464.0, 25983.0, 26995.0, 28964.0, 28977.0, 51024.0, 51107.0, 51654.0, 51660.0, 54936.0, 55218.0, 55572.0, 55626.0, 55699.0, 56997.0, 57154.0, 57406.0, 83637.0, 84260.0, 84545.0, 89941.0, 93058.0, 93587.0, 125988.0, 151393.0, 255189.0, 284119.0, 285489.0 
GO:0030027 CC 5.57e-05 21/1267   184/29107 D04 lamellipodium                            322.0, 323.0, 999.0, 3611.0, 4651.0, 4810.0, 5311.0, 5879.0, 5881.0, 6642.0, 6810.0, 9578.0, 10211.0, 11151.0, 11344.0, 23513.0, 28988.0, 29119.0, 57175.0, 57698.0, 92154.0 
GO:0005875 CC 6.61e-05  8/1267    33/29107 D02 microtubule associated complex           2342.0, 4134.0, 7461.0, 9053.0, 23095.0, 23291.0, 24139.0, 57698.0 
GO:0000123 CC 7.02e-05  7/1267    25/29107 D06 histone acetyltransferase complex        3054.0, 7862.0, 8473.0, 9767.0, 23338.0, 27154.0, 51147.0 
GO:0016607 CC 7.51e-05 36/1267   411/29107 D03 nuclear speck                            322.0, 665.0, 1198.0, 1793.0, 3299.0, 3835.0, 4137.0, 4303.0, 4968.0, 5073.0, 6046.0, 6429.0, 6944.0, 7015.0, 8405.0, 9092.0, 9410.0, 10084.0, 10189.0, 10212.0, 10401.0, 10454.0, 10594.0, 10929.0, 11221.0, 23091.0, 23464.0, 26097.0, 49855.0, 51533.0, 54540.0, 55086.0, 55421.0, 55644.0, 64077.0, 163486.0 
GO:0005912 CC 8.57e-05 19/1267   162/29107 D05 adherens junction                        634.0, 999.0, 1496.0, 5318.0, 5499.0, 5796.0, 7082.0, 8751.0, 10211.0, 10298.0, 10397.0, 11135.0, 23513.0, 28514.0, 29119.0, 29964.0, 57477.0, 317762.0, 389813.0 
GO:0033270 CC 9.50e-05  5/1267    12/29107 D02 paranode region of axon                  4099.0, 22933.0, 23303.0, 57165.0, 57471.0 
GO:0016324 CC 1.02e-04 32/1267   353/29107 D04 apical plasma membrane                   634.0, 762.0, 928.0, 989.0, 1739.0, 2760.0, 3249.0, 3705.0, 4118.0, 4810.0, 4891.0, 5337.0, 5348.0, 5663.0, 6522.0, 6558.0, 6814.0, 7010.0, 7018.0, 9026.0, 9351.0, 10327.0, 11178.0, 22802.0, 27347.0, 28514.0, 56650.0, 57477.0, 89958.0, 154043.0, 283999.0, 389813.0 
GO:0005925 CC 1.39e-04 36/1267   418/29107 D05 focal adhesion                           81.0, 391.0, 928.0, 950.0, 1465.0, 2242.0, 2274.0, 2934.0, 3611.0, 3675.0, 3689.0, 4162.0, 4810.0, 5595.0, 5605.0, 5747.0, 5879.0, 6522.0, 7010.0, 9351.0, 9448.0, 10211.0, 10278.0, 10298.0, 10391.0, 11135.0, 23769.0, 28964.0, 55901.0, 57175.0, 57477.0, 58480.0, 79969.0, 83543.0, 85458.0, 143903.0 
GO:0043204 CC 1.60e-04 18/1267   156/29107 D02 perikaryon                               1392.0, 1410.0, 1740.0, 2752.0, 2796.0, 5499.0, 7054.0, 7349.0, 9312.0, 10439.0, 22933.0, 23109.0, 28988.0, 57165.0, 57609.0, 57698.0, 65078.0, 79739.0 
GO:0097060 CC 1.96e-04  7/1267    29/29107 D04 synaptic membrane                        1410.0, 1739.0, 3675.0, 5582.0, 8898.0, 9026.0, 140730.0 
GO:0005871 CC 1.97e-04  9/1267    48/29107 D03 kinesin complex                          547.0, 3834.0, 3835.0, 10749.0, 23095.0, 23303.0, 54820.0, 63971.0, 89953.0 
GO:0030864 CC 1.97e-04  9/1267    48/29107 D07 cortical actin cytoskeleton              999.0, 2934.0, 3996.0, 4336.0, 10211.0, 11151.0, 28988.0, 57477.0, 92154.0 
GO:0014069 CC 2.22e-04 24/1267   246/29107 D04 postsynaptic density                     1410.0, 1740.0, 3188.0, 4355.0, 5582.0, 6711.0, 8537.0, 8898.0, 8927.0, 9026.0, 9127.0, 9829.0, 11178.0, 23373.0, 23513.0, 23542.0, 26052.0, 28988.0, 29904.0, 54910.0, 56899.0, 64506.0, 85358.0, 729956.0 
GO:0048786 CC 2.32e-04  8/1267    39/29107 D02 presynaptic active zone                  8495.0, 8497.0, 8927.0, 9699.0, 10211.0, 10497.0, 84446.0, 140730.0 
GO:0071944 CC 2.72e-04  9/1267    50/29107 D02 cell periphery                           3675.0, 4155.0, 5881.0, 6558.0, 8312.0, 55793.0, 55901.0, 57175.0, 116988.0 
GO:0005884 CC 2.74e-04 12/1267    84/29107 D06 actin filament                           2011.0, 5879.0, 7010.0, 8522.0, 9817.0, 11151.0, 11344.0, 23242.0, 28988.0, 57175.0, 57477.0, 83543.0 
GO:0043296 CC 2.75e-04  6/1267    22/29107 D05 apical junction complex                  999.0, 7082.0, 57477.0, 89958.0, 317762.0, 389813.0 
GO:0005938 CC 2.76e-04 17/1267   149/29107 D03 cell cortex                              391.0, 2246.0, 2263.0, 4651.0, 5663.0, 5747.0, 5879.0, 5881.0, 7186.0, 8605.0, 9026.0, 23048.0, 23242.0, 28988.0, 29899.0, 57471.0, 57553.0 
GO:0016328 CC 2.81e-04 10/1267    61/29107 D02 lateral plasma membrane                  634.0, 999.0, 1739.0, 2011.0, 2705.0, 4641.0, 6558.0, 6640.0, 8312.0, 29899.0 
GO:0005911 CC 3.17e-04 19/1267   179/29107 D04 cell-cell junction                       634.0, 1445.0, 1739.0, 3249.0, 3611.0, 5311.0, 5318.0, 5582.0, 5605.0, 5796.0, 7010.0, 9578.0, 10211.0, 11151.0, 23513.0, 23769.0, 83700.0, 220296.0, 387357.0 
GO:0033269 CC 3.18e-04  3/1267     4/29107 D02 internode region of axon                 4155.0, 10382.0, 57471.0 
GO:0043219 CC 3.18e-04  3/1267     4/29107 D02 lateral loop                             1739.0, 6810.0, 22933.0 
GO:0045121 CC 3.23e-04 23/1267   237/29107 D04 membrane raft                            1445.0, 1604.0, 1739.0, 2770.0, 2771.0, 2824.0, 3920.0, 4099.0, 4118.0, 4137.0, 4641.0, 4864.0, 5663.0, 7010.0, 7186.0, 7846.0, 8871.0, 10211.0, 23209.0, 28514.0, 51090.0, 65078.0, 284119.0 
GO:0042995 CC 3.91e-04 15/1267   126/29107 D02 cell projection                          391.0, 5879.0, 5881.0, 6455.0, 6558.0, 7082.0, 8473.0, 8871.0, 9699.0, 23109.0, 57553.0, 58480.0, 80199.0, 83394.0, 84466.0 
GO:0009986 CC 4.06e-04 44/1267   579/29107 D02 cell surface                             41.0, 634.0, 762.0, 1368.0, 1410.0, 1604.0, 1902.0, 2263.0, 2346.0, 2861.0, 3249.0, 3306.0, 3675.0, 3689.0, 3757.0, 4155.0, 4891.0, 5663.0, 5764.0, 5796.0, 6422.0, 6529.0, 6810.0, 6900.0, 7010.0, 7018.0, 7039.0, 8301.0, 8497.0, 8751.0, 8927.0, 23555.0, 25800.0, 51704.0, 54413.0, 55248.0, 56650.0, 64399.0, 65078.0, 80274.0, 84830.0, 143903.0, 342035.0, 399687.0 
GO:0000118 CC 4.69e-04  8/1267    43/29107 D03 histone deacetylase complex              3066.0, 9734.0, 23314.0, 51780.0, 55806.0, 55809.0, 79885.0, 283248.0 
GO:0030054 CC 4.88e-04 20/1267   193/29107 D02 cell junction                            634.0, 999.0, 1739.0, 1740.0, 4810.0, 5010.0, 5318.0, 5663.0, 5796.0, 7082.0, 9127.0, 22827.0, 23513.0, 23555.0, 29970.0, 54623.0, 57584.0, 84305.0, 84446.0, 100505385.0 
GO:0098793 CC 5.86e-04 13/1267   104/29107 D02 presynapse                               3092.0, 5499.0, 5764.0, 6455.0, 6457.0, 6814.0, 8871.0, 9829.0, 10858.0, 23176.0, 26052.0, 54413.0, 65078.0 
GO:0012505 CC 5.94e-04 15/1267   131/29107 D02 endomembrane system                      5881.0, 6748.0, 6810.0, 9351.0, 9911.0, 10435.0, 11135.0, 23263.0, 57458.0, 81876.0, 83394.0, 84830.0, 203062.0, 339122.0, 340371.0 
GO:0034451 CC 7.70e-04 13/1267   107/29107 D02 centriolar satellite                     5588.0, 5886.0, 7010.0, 8045.0, 8398.0, 9043.0, 9817.0, 10211.0, 23265.0, 27241.0, 54899.0, 56062.0, 79829.0 
GO:0042765 CC 7.70e-04  3/1267     5/29107 D06 GPI-anchor transamidase complex          8733.0, 51604.0, 128869.0 
GO:0031594 CC 8.68e-04 10/1267    70/29107 D04 neuromuscular junction                   1287.0, 1739.0, 1740.0, 3911.0, 5663.0, 5764.0, 6640.0, 7846.0, 9144.0, 10497.0 
GO:0008021 CC 1.11e-03 14/1267   125/29107 D09 synaptic vesicle                         547.0, 1183.0, 5414.0, 5663.0, 6810.0, 7054.0, 8301.0, 8898.0, 8927.0, 23095.0, 51107.0, 51762.0, 84446.0, 203190.0 
GO:0005813 CC 1.14e-03 39/1267   525/29107 D03 centrosome                               1108.0, 1781.0, 1783.0, 1869.0, 2770.0, 2771.0, 3297.0, 3834.0, 4296.0, 5111.0, 5252.0, 5663.0, 6017.0, 6623.0, 8100.0, 8636.0, 8733.0, 9638.0, 9738.0, 9820.0, 10397.0, 10733.0, 22933.0, 23291.0, 27077.0, 28964.0, 29899.0, 54820.0, 55112.0, 57701.0, 63971.0, 64858.0, 79874.0, 84260.0, 84445.0, 84446.0, 118611.0, 126520.0, 256987.0 
GO:1904115 CC 1.23e-03  9/1267    61/29107 D06 axon cytoplasm                           547.0, 1740.0, 2647.0, 4137.0, 10749.0, 23095.0, 23291.0, 80128.0, 127829.0 
GO:0016604 CC 1.28e-03 27/1267   321/29107 D02 nuclear body                             81.0, 1059.0, 1616.0, 1840.0, 4641.0, 4810.0, 5111.0, 5514.0, 7068.0, 7936.0, 8189.0, 10084.0, 10420.0, 23373.0, 23555.0, 25930.0, 26277.0, 28996.0, 50628.0, 51762.0, 54617.0, 54936.0, 55793.0, 64858.0, 80152.0, 83482.0, 90933.0 
GO:0005765 CC 1.49e-03 27/1267   327/29107 D07 lysosomal membrane                       20.0, 215.0, 950.0, 1183.0, 1497.0, 2647.0, 2770.0, 3920.0, 4864.0, 4891.0, 5337.0, 5663.0, 7317.0, 9043.0, 10211.0, 11342.0, 25851.0, 54896.0, 55016.0, 55340.0, 55529.0, 55652.0, 57406.0, 58986.0, 79036.0, 127829.0, 389541.0 
GO:0044304 CC 1.49e-03  3/1267     6/29107 D02 main axon                                322.0, 4137.0, 80128.0 
GO:0035748 CC 1.49e-03  3/1267     6/29107 D02 myelin sheath abaxonal region            1267.0, 1739.0, 23513.0 
GO:0035749 CC 1.49e-03  3/1267     6/29107 D02 myelin sheath adaxonal region            1267.0, 4099.0, 6810.0 
GO:0097427 CC 1.49e-03  3/1267     6/29107 D02 microtubule bundle                       2011.0, 11076.0, 79969.0 
GO:0031315 CC 1.89e-03  2/1267     2/29107 D04 extrinsic component of mitochondrial outer membrane 6663.0, 23098.0 
GO:0008043 CC 1.89e-03  2/1267     2/29107 D03 intracellular ferritin complex           2495.0, 2512.0 
GO:0005096 MF 9.11e-07 33/1267   256/29107 D05 GTPase activator activity                392.0, 394.0, 396.0, 1124.0, 1793.0, 3996.0, 4943.0, 5910.0, 5922.0, 6494.0, 8853.0, 9605.0, 10435.0, 23232.0, 25780.0, 26575.0, 27352.0, 28964.0, 57584.0, 57636.0, 79658.0, 79735.0, 79874.0, 92154.0, 115703.0, 115704.0, 116983.0, 116986.0, 116987.0, 116988.0, 201176.0, 374403.0, 642517.0 
GO:0031267 MF 1.07e-06 30/1267   258/29107 D05 small GTPase binding                     392.0, 396.0, 1434.0, 4296.0, 4641.0, 5879.0, 6242.0, 8301.0, 9578.0, 9670.0, 9699.0, 9732.0, 10397.0, 10435.0, 10497.0, 23086.0, 23258.0, 23500.0, 25780.0, 27237.0, 27352.0, 29941.0, 51555.0, 57553.0, 57819.0, 92154.0, 114793.0, 115704.0, 140730.0, 163486.0 
GO:0019902 MF 1.15e-06 12/1267    50/29107 D04 phosphatase binding                      1739.0, 5595.0, 6455.0, 9351.0, 9814.0, 11123.0, 23139.0, 23589.0, 26751.0, 153769.0, 161742.0, 286262.0 
GO:0005524 MF 2.46e-06 111/1267  1456/29107 D08 ATP binding                              20.0, 132.0, 215.0, 547.0, 1019.0, 1108.0, 1152.0, 1183.0, 1198.0, 1445.0, 1454.0, 1783.0, 1973.0, 2011.0, 2048.0, 2065.0, 2193.0, 2242.0, 2263.0, 2324.0, 2356.0, 2729.0, 2752.0, 2956.0, 3306.0, 3611.0, 3705.0, 3795.0, 3834.0, 3835.0, 3980.0, 4058.0, 4176.0, 4296.0, 4641.0, 4651.0, 4832.0, 5096.0, 5164.0, 5211.0, 5305.0, 5582.0, 5588.0, 5595.0, 5600.0, 5605.0, 5634.0, 5747.0, 6195.0, 6300.0, 7010.0, 7075.0, 7317.0, 7444.0, 8986.0, 9127.0, 9448.0, 9578.0, 9619.0, 9625.0, 9641.0, 9785.0, 9891.0, 10020.0, 10110.0, 10212.0, 10298.0, 10420.0, 10733.0, 10749.0, 11194.0, 11269.0, 11344.0, 23031.0, 23095.0, 23120.0, 23139.0, 23303.0, 23456.0, 25989.0, 27338.0, 27347.0, 28996.0, 29904.0, 29941.0, 50485.0, 54617.0, 55152.0, 55224.0, 55699.0, 55902.0, 56997.0, 57571.0, 57644.0, 63971.0, 64122.0, 65264.0, 65268.0, 79739.0, 84446.0, 84515.0, 91646.0, 116986.0, 117283.0, 126520.0, 139728.0, 158135.0, 167153.0, 340371.0, 343450.0, 399687.0 
GO:0008022 MF 2.69e-06 24/1267   189/29107 D03 protein C-terminus binding               1445.0, 1739.0, 2067.0, 4641.0, 5111.0, 5430.0, 6455.0, 6457.0, 6494.0, 6721.0, 7015.0, 8815.0, 9351.0, 9784.0, 9968.0, 10401.0, 10612.0, 11151.0, 24139.0, 28988.0, 29899.0, 58526.0, 79661.0, 85358.0 
GO:0017124 MF 3.26e-06 19/1267   129/29107 D04 SH3 domain binding                       392.0, 1793.0, 1840.0, 3611.0, 4137.0, 6455.0, 8038.0, 8751.0, 8871.0, 9026.0, 9444.0, 9732.0, 9829.0, 10278.0, 10656.0, 26578.0, 84632.0, 85358.0, 201176.0 
GO:0042802 MF 3.38e-06 125/1267  1494/29107 D03 identical protein binding                37.0, 215.0, 429.0, 443.0, 547.0, 599.0, 634.0, 665.0, 989.0, 999.0, 1198.0, 1410.0, 1445.0, 1471.0, 1725.0, 1783.0, 2048.0, 2065.0, 2130.0, 2194.0, 2274.0, 2512.0, 2705.0, 2752.0, 2801.0, 3036.0, 3054.0, 3156.0, 3276.0, 3297.0, 3299.0, 3661.0, 3757.0, 4097.0, 4137.0, 4296.0, 4303.0, 4318.0, 5010.0, 5111.0, 5211.0, 5252.0, 5311.0, 5414.0, 5551.0, 5595.0, 5634.0, 5636.0, 5816.0, 5860.0, 6422.0, 6440.0, 6455.0, 6457.0, 6529.0, 6642.0, 6663.0, 6900.0, 7010.0, 7015.0, 7186.0, 7391.0, 7423.0, 7551.0, 7572.0, 7846.0, 8312.0, 8398.0, 8495.0, 8608.0, 8636.0, 8815.0, 8898.0, 8996.0, 9026.0, 9043.0, 9071.0, 9351.0, 9605.0, 9641.0, 9817.0, 10036.0, 10165.0, 10212.0, 10215.0, 10489.0, 10612.0, 10656.0, 10733.0, 22827.0, 22903.0, 23048.0, 23209.0, 25777.0, 29763.0, 29886.0, 29899.0, 29968.0, 29970.0, 30850.0, 51024.0, 51074.0, 51228.0, 51429.0, 54820.0, 55151.0, 55223.0, 57175.0, 57407.0, 57458.0, 57460.0, 57524.0, 58526.0, 64856.0, 80274.0, 85027.0, 90933.0, 92714.0, 114897.0, 118442.0, 124274.0, 131870.0, 143425.0, 284119.0, 376497.0 
GO:0030215 MF 3.44e-06  8/1267    23/29107 D04 semaphorin receptor binding              5364.0, 7869.0, 9037.0, 10507.0, 54910.0, 56920.0, 57556.0, 57715.0 
GO:0045296 MF 4.03e-06 33/1267   315/29107 D04 cadherin binding                         392.0, 989.0, 999.0, 1496.0, 1739.0, 2011.0, 2194.0, 2801.0, 3054.0, 5318.0, 5663.0, 6455.0, 6642.0, 6711.0, 7082.0, 8301.0, 9351.0, 10397.0, 11313.0, 11344.0, 22827.0, 22905.0, 23513.0, 23670.0, 27237.0, 28988.0, 29119.0, 51429.0, 54443.0, 57175.0, 57698.0, 114793.0, 151963.0 
GO:0046872 MF 4.23e-06 155/1267  2299/29107 D04 metal ion binding                        132.0, 443.0, 863.0, 1124.0, 1410.0, 1445.0, 1537.0, 2130.0, 2274.0, 2346.0, 2356.0, 2771.0, 2775.0, 3670.0, 3675.0, 3689.0, 4122.0, 4123.0, 4302.0, 4337.0, 4832.0, 4913.0, 5073.0, 5136.0, 5151.0, 5211.0, 5252.0, 5430.0, 5499.0, 5514.0, 5588.0, 5605.0, 5922.0, 6117.0, 6529.0, 7015.0, 7541.0, 7547.0, 7572.0, 7589.0, 7593.0, 7746.0, 7862.0, 8038.0, 8751.0, 8853.0, 8927.0, 9278.0, 9427.0, 9586.0, 9699.0, 9726.0, 9734.0, 9745.0, 9765.0, 9767.0, 9839.0, 9891.0, 10020.0, 10417.0, 10420.0, 10524.0, 10617.0, 10743.0, 11068.0, 11342.0, 22802.0, 22835.0, 22838.0, 22998.0, 23052.0, 23060.0, 23091.0, 23144.0, 23239.0, 23264.0, 23295.0, 23338.0, 23361.0, 23598.0, 26048.0, 26147.0, 27087.0, 27154.0, 28964.0, 29116.0, 29803.0, 29965.0, 50940.0, 51005.0, 51043.0, 51147.0, 51274.0, 51533.0, 51654.0, 51780.0, 51809.0, 54467.0, 55313.0, 55627.0, 55644.0, 55748.0, 55806.0, 55809.0, 55819.0, 56978.0, 57473.0, 57553.0, 57571.0, 58190.0, 58480.0, 64077.0, 64506.0, 64777.0, 64795.0, 64854.0, 79177.0, 79413.0, 79602.0, 79831.0, 79842.0, 80895.0, 81890.0, 83482.0, 83855.0, 84264.0, 84327.0, 84448.0, 84735.0, 84842.0, 84905.0, 84922.0, 84929.0, 89887.0, 90379.0, 116983.0, 116986.0, 116987.0, 116988.0, 140467.0, 147807.0, 153769.0, 158471.0, 167153.0, 169841.0, 221184.0, 221294.0, 221527.0, 257160.0, 285971.0, 341640.0, 342945.0, 642517.0, 100131017.0, 100507290.0 
GO:0019901 MF 5.43e-06 43/1267   469/29107 D05 protein kinase binding                   391.0, 396.0, 1027.0, 1163.0, 1616.0, 1739.0, 1869.0, 2801.0, 3297.0, 3611.0, 3689.0, 3996.0, 4099.0, 4137.0, 5073.0, 5747.0, 5764.0, 5796.0, 5879.0, 5881.0, 6558.0, 6720.0, 7186.0, 7391.0, 7444.0, 8312.0, 8398.0, 10253.0, 23303.0, 23542.0, 25930.0, 27013.0, 27347.0, 51654.0, 51704.0, 53358.0, 84446.0, 115703.0, 116986.0, 161742.0, 285489.0, 399473.0, 399694.0 
GO:0004674 MF 5.89e-06 32/1267   306/29107 D06 protein serine/threonine kinase activity 1198.0, 1454.0, 2011.0, 3611.0, 4296.0, 5582.0, 5588.0, 5595.0, 5600.0, 6046.0, 6195.0, 6300.0, 7444.0, 8986.0, 9448.0, 9578.0, 9641.0, 9891.0, 10110.0, 10298.0, 10420.0, 10733.0, 23031.0, 23139.0, 25989.0, 27347.0, 28996.0, 29941.0, 65268.0, 84446.0, 203054.0, 340371.0 
GO:0051015 MF 6.42e-06 25/1267   212/29107 D05 actin filament binding                   81.0, 1073.0, 1496.0, 2934.0, 3092.0, 4641.0, 4651.0, 8522.0, 9026.0, 10391.0, 11151.0, 11344.0, 28988.0, 29119.0, 57175.0, 57471.0, 57477.0, 57644.0, 57698.0, 65108.0, 79585.0, 83543.0, 84448.0, 114793.0, 399687.0 
GO:0005515 MF 7.54e-06 890/1267 12405/29107 D02 protein binding                          37.0, 39.0, 41.0, 81.0, 175.0, 215.0, 246.0, 286.0, 322.0, 323.0, 347.0, 366.0, 384.0, 391.0, 392.0, 394.0, 396.0, 410.0, 429.0, 443.0, 547.0, 599.0, 634.0, 645.0, 655.0, 665.0, 762.0, 825.0, 863.0, 928.0, 944.0, 950.0, 989.0, 999.0, 1019.0, 1027.0, 1073.0, 1108.0, 1124.0, 1152.0, 1155.0, 1163.0, 1183.0, 1198.0, 1267.0, 1312.0, 1314.0, 1318.0, 1346.0, 1392.0, 1395.0, 1410.0, 1434.0, 1445.0, 1454.0, 1465.0, 1471.0, 1496.0, 1537.0, 1604.0, 1616.0, 1628.0, 1718.0, 1725.0, 1739.0, 1740.0, 1781.0, 1793.0, 1840.0, 1869.0, 1902.0, 1973.0, 2011.0, 2048.0, 2065.0, 2067.0, 2109.0, 2115.0, 2119.0, 2123.0, 2130.0, 2166.0, 2187.0, 2188.0, 2193.0, 2194.0, 2237.0, 2242.0, 2246.0, 2263.0, 2274.0, 2324.0, 2342.0, 2495.0, 2512.0, 2531.0, 2593.0, 2628.0, 2647.0, 2686.0, 2705.0, 2729.0, 2752.0, 2770.0, 2771.0, 2775.0, 2801.0, 2819.0, 2861.0, 2873.0, 2888.0, 2905.0, 2934.0, 2956.0, 3036.0, 3054.0, 3062.0, 3066.0, 3092.0, 3142.0, 3156.0, 3188.0, 3249.0, 3276.0, 3297.0, 3306.0, 3340.0, 3344.0, 3360.0, 3433.0, 3479.0, 3609.0, 3611.0, 3661.0, 3670.0, 3675.0, 3689.0, 3757.0, 3768.0, 3795.0, 3835.0, 3852.0, 3920.0, 3925.0, 3980.0, 3991.0, 3996.0, 4058.0, 4097.0, 4118.0, 4134.0, 4137.0, 4155.0, 4160.0, 4176.0, 4201.0, 4296.0, 4302.0, 4303.0, 4318.0, 4336.0, 4355.0, 4641.0, 4651.0, 4815.0, 4818.0, 4832.0, 4864.0, 4891.0, 4913.0, 4925.0, 4943.0, 4968.0, 5010.0, 5049.0, 5073.0, 5096.0, 5111.0, 5133.0, 5164.0, 5202.0, 5211.0, 5252.0, 5305.0, 5311.0, 5318.0, 5337.0, 5354.0, 5364.0, 5376.0, 5414.0, 5425.0, 5430.0, 5436.0, 5442.0, 5499.0, 5514.0, 5522.0, 5551.0, 5582.0, 5588.0, 5589.0, 5595.0, 5600.0, 5605.0, 5634.0, 5636.0, 5638.0, 5653.0, 5657.0, 5663.0, 5720.0, 5730.0, 5747.0, 5757.0, 5764.0, 5796.0, 5833.0, 5837.0, 5863.0, 5879.0, 5881.0, 5886.0, 5910.0, 5919.0, 5995.0, 6003.0, 6017.0, 6035.0, 6046.0, 6050.0, 6117.0, 6195.0, 6242.0, 6294.0, 6300.0, 6397.0, 6418.0, 6422.0, 6429.0, 6440.0, 6455.0, 6457.0, 6468.0, 6494.0, 6529.0, 6558.0, 6598.0, 6599.0, 6602.0, 6609.0, 6623.0, 6640.0, 6642.0, 6663.0, 6711.0, 6720.0, 6721.0, 6770.0, 6810.0, 6814.0, 6821.0, 6829.0, 6839.0, 6888.0, 6900.0, 6944.0, 6949.0, 7010.0, 7015.0, 7018.0, 7039.0, 7054.0, 7058.0, 7068.0, 7075.0, 7082.0, 7087.0, 7091.0, 7108.0, 7186.0, 7314.0, 7317.0, 7349.0, 7391.0, 7398.0, 7423.0, 7433.0, 7444.0, 7448.0, 7508.0, 7515.0, 7541.0, 7542.0, 7547.0, 7551.0, 7572.0, 7589.0, 7593.0, 7705.0, 7746.0, 7846.0, 7862.0, 7916.0, 7917.0, 7936.0, 7975.0, 8019.0, 8038.0, 8045.0, 8073.0, 8078.0, 8100.0, 8189.0, 8242.0, 8301.0, 8312.0, 8325.0, 8398.0, 8402.0, 8405.0, 8473.0, 8479.0, 8495.0, 8497.0, 8522.0, 8605.0, 8612.0, 8636.0, 8646.0, 8725.0, 8733.0, 8742.0, 8751.0, 8805.0, 8815.0, 8853.0, 8863.0, 8871.0, 8898.0, 8906.0, 8911.0, 8914.0, 8985.0, 8986.0, 8996.0, 9026.0, 9028.0, 9043.0, 9049.0, 9053.0, 9071.0, 9092.0, 9130.0, 9132.0, 9138.0, 9144.0, 9203.0, 9241.0, 9256.0, 9278.0, 9283.0, 9351.0, 9363.0, 9380.0, 9410.0, 9444.0, 9448.0, 9510.0, 9552.0, 9586.0, 9605.0, 9619.0, 9625.0, 9638.0, 9641.0, 9670.0, 9682.0, 9699.0, 9717.0, 9726.0, 9728.0, 9731.0, 9732.0, 9734.0, 9738.0, 9765.0, 9767.0, 9770.0, 9784.0, 9785.0, 9812.0, 9814.0, 9817.0, 9820.0, 9839.0, 9846.0, 9869.0, 9891.0, 9897.0, 9911.0, 9927.0, 9968.0, 9989.0, 10020.0, 10036.0, 10084.0, 10154.0, 10155.0, 10189.0, 10211.0, 10212.0, 10215.0, 10220.0, 10227.0, 10245.0, 10252.0, 10253.0, 10273.0, 10278.0, 10298.0, 10327.0, 10370.0, 10382.0, 10391.0, 10397.0, 10401.0, 10417.0, 10420.0, 10435.0, 10439.0, 10454.0, 10489.0, 10491.0, 10497.0, 10507.0, 10524.0, 10538.0, 10594.0, 10612.0, 10617.0, 10656.0, 10664.0, 10733.0, 10743.0, 10749.0, 10826.0, 10897.0, 10929.0, 10955.0, 10994.0, 11018.0, 11054.0, 11060.0, 11068.0, 11076.0, 11100.0, 11123.0, 11129.0, 11135.0, 11145.0, 11151.0, 11178.0, 11194.0, 11221.0, 11234.0, 11243.0, 11269.0, 11281.0, 11313.0, 11342.0, 11344.0, 22822.0, 22827.0, 22828.0, 22838.0, 22846.0, 22903.0, 22905.0, 22913.0, 22933.0, 23031.0, 23048.0, 23052.0, 23091.0, 23095.0, 23098.0, 23109.0, 23120.0, 23138.0, 23139.0, 23142.0, 23148.0, 23149.0, 23176.0, 23209.0, 23225.0, 23239.0, 23241.0, 23242.0, 23258.0, 23264.0, 23265.0, 23283.0, 23291.0, 23295.0, 23303.0, 23314.0, 23338.0, 23361.0, 23373.0, 23378.0, 23403.0, 23414.0, 23452.0, 23456.0, 23513.0, 23542.0, 23555.0, 23558.0, 23589.0, 23671.0, 24139.0, 25777.0, 25780.0, 25792.0, 25851.0, 25930.0, 25974.0, 25983.0, 25989.0, 26002.0, 26046.0, 26048.0, 26052.0, 26097.0, 26118.0, 26147.0, 26232.0, 26277.0, 26505.0, 26575.0, 26578.0, 26751.0, 27037.0, 27043.0, 27077.0, 27087.0, 27106.0, 27123.0, 27154.0, 27237.0, 27241.0, 27338.0, 27347.0, 27352.0, 28514.0, 28952.0, 28964.0, 28986.0, 28988.0, 28991.0, 28996.0, 29116.0, 29119.0, 29763.0, 29844.0, 29886.0, 29899.0, 29914.0, 29941.0, 29956.0, 29965.0, 29968.0, 29970.0, 30850.0, 49855.0, 50485.0, 50628.0, 50813.0, 51005.0, 51024.0, 51035.0, 51043.0, 51074.0, 51076.0, 51088.0, 51090.0, 51107.0, 51125.0, 51127.0, 51147.0, 51228.0, 51274.0, 51343.0, 51368.0, 51398.0, 51429.0, 51477.0, 51497.0, 51533.0, 51604.0, 51647.0, 51660.0, 51700.0, 51762.0, 53358.0, 53615.0, 53637.0, 54108.0, 54413.0, 54467.0, 54540.0, 54545.0, 54567.0, 54617.0, 54620.0, 54623.0, 54769.0, 54820.0, 54870.0, 54908.0, 54910.0, 54936.0, 55032.0, 55086.0, 55112.0, 55144.0, 55151.0, 55152.0, 55218.0, 55223.0, 55224.0, 55248.0, 55314.0, 55323.0, 55340.0, 55421.0, 55508.0, 55529.0, 55619.0, 55624.0, 55626.0, 55631.0, 55643.0, 55644.0, 55652.0, 55715.0, 55793.0, 55806.0, 55809.0, 55861.0, 55901.0, 55929.0, 55968.0, 56203.0, 56650.0, 56915.0, 56920.0, 56949.0, 56957.0, 56978.0, 56997.0, 57020.0, 57101.0, 57154.0, 57161.0, 57175.0, 57406.0, 57407.0, 57458.0, 57460.0, 57467.0, 57471.0, 57473.0, 57511.0, 57524.0, 57536.0, 57556.0, 57584.0, 57644.0, 57645.0, 57654.0, 57698.0, 57701.0, 57715.0, 57805.0, 57819.0, 58190.0, 58473.0, 58478.0, 58480.0, 58493.0, 58526.0, 58533.0, 58986.0, 60313.0, 60680.0, 63971.0, 64077.0, 64223.0, 64321.0, 64399.0, 64422.0, 64506.0, 64755.0, 64762.0, 64777.0, 64795.0, 64798.0, 64834.0, 64854.0, 64858.0, 65078.0, 65108.0, 65264.0, 79031.0, 79036.0, 79071.0, 79089.0, 79090.0, 79152.0, 79169.0, 79177.0, 79585.0, 79602.0, 79654.0, 79658.0, 79669.0, 79722.0, 79735.0, 79763.0, 79829.0, 79831.0, 79842.0, 79874.0, 79885.0, 79957.0, 80020.0, 80152.0, 80169.0, 80199.0, 80274.0, 80325.0, 80824.0, 80895.0, 81554.0, 81628.0, 81876.0, 81887.0, 81888.0, 83394.0, 83637.0, 83700.0, 83714.0, 83746.0, 83855.0, 83862.0, 83988.0, 84173.0, 84260.0, 84264.0, 84305.0, 84317.0, 84445.0, 84502.0, 84513.0, 84515.0, 84545.0, 84678.0, 84717.0, 84811.0, 84830.0, 84875.0, 84905.0, 84929.0, 84938.0, 85027.0, 85315.0, 85358.0, 85395.0, 85458.0, 89887.0, 89941.0, 89953.0, 89958.0, 90121.0, 90355.0, 90379.0, 90933.0, 91369.0, 91775.0, 92154.0, 92714.0, 92715.0, 92737.0, 93185.0, 93587.0, 93643.0, 94015.0, 113402.0, 114792.0, 114825.0, 114876.0, 114897.0, 114907.0, 115399.0, 115703.0, 115704.0, 115708.0, 116154.0, 116173.0, 116448.0, 116461.0, 116986.0, 116987.0, 117246.0, 117283.0, 118442.0, 122060.0, 123606.0, 124401.0, 125061.0, 125988.0, 127829.0, 128869.0, 130132.0, 130617.0, 138639.0, 140730.0, 143425.0, 144699.0, 147111.0, 147807.0, 148753.0, 151011.0, 151393.0, 151963.0, 153769.0, 154043.0, 158293.0, 158747.0, 159195.0, 160335.0, 161742.0, 162681.0, 163782.0, 167153.0, 168507.0, 169841.0, 197342.0, 200014.0, 203054.0, 219287.0, 220108.0, 220965.0, 221184.0, 221527.0, 222166.0, 254251.0, 255631.0, 283248.0, 283987.0, 284119.0, 284297.0, 285093.0, 285489.0, 285971.0, 286262.0, 317662.0, 326624.0, 339122.0, 340277.0, 341640.0, 342945.0, 342977.0, 346673.0, 347734.0, 374403.0, 375033.0, 375057.0, 376497.0, 387357.0, 389541.0, 399665.0, 399687.0, 399694.0, 400961.0, 404550.0, 100505385.0 
GO:0000287 MF 8.93e-06 25/1267   216/29107 D05 magnesium ion binding                    1312.0, 2011.0, 2237.0, 2729.0, 2752.0, 2770.0, 2956.0, 3705.0, 5414.0, 5634.0, 5636.0, 6195.0, 6300.0, 8986.0, 9578.0, 10994.0, 11076.0, 23031.0, 23120.0, 23139.0, 54936.0, 55218.0, 58478.0, 84446.0, 131870.0 
GO:0019899 MF 2.58e-05 35/1267   369/29107 D03 enzyme binding                           215.0, 286.0, 950.0, 1616.0, 1718.0, 2956.0, 3066.0, 3276.0, 3306.0, 3920.0, 4137.0, 4303.0, 5111.0, 5657.0, 5879.0, 6522.0, 6829.0, 7054.0, 7068.0, 7186.0, 7391.0, 7515.0, 8312.0, 8815.0, 10273.0, 10401.0, 11100.0, 23555.0, 51107.0, 54517.0, 54908.0, 57805.0, 64422.0, 84515.0, 283248.0 
GO:0003723 MF 2.60e-05 94/1267  1387/29107 D04 RNA binding                              81.0, 132.0, 1198.0, 1267.0, 1454.0, 1465.0, 1973.0, 2011.0, 2130.0, 2193.0, 2194.0, 3066.0, 3068.0, 3188.0, 3276.0, 3433.0, 3609.0, 4134.0, 4137.0, 5073.0, 5430.0, 5442.0, 5514.0, 6294.0, 6429.0, 6711.0, 6829.0, 6949.0, 7015.0, 7317.0, 7916.0, 7936.0, 8402.0, 8871.0, 8996.0, 9092.0, 9130.0, 9138.0, 9410.0, 9444.0, 9728.0, 9785.0, 10155.0, 10189.0, 10212.0, 10514.0, 10594.0, 10656.0, 10749.0, 10929.0, 11100.0, 11123.0, 11151.0, 11269.0, 11344.0, 22827.0, 22828.0, 22913.0, 23091.0, 23264.0, 23283.0, 23378.0, 23518.0, 25983.0, 26097.0, 26995.0, 27037.0, 27043.0, 28977.0, 29803.0, 51497.0, 54517.0, 55086.0, 55421.0, 56915.0, 57060.0, 57805.0, 57819.0, 60313.0, 60680.0, 79169.0, 81554.0, 81887.0, 84305.0, 84545.0, 84811.0, 93587.0, 117246.0, 155400.0, 219654.0, 284119.0, 342977.0, 388115.0, 399687.0 
GO:0003677 MF 3.34e-05 67/1267   914/29107 D04 DNA binding                              1059.0, 1108.0, 1869.0, 2067.0, 2119.0, 2237.0, 3297.0, 3609.0, 3661.0, 3835.0, 3980.0, 4137.0, 4176.0, 4303.0, 4925.0, 5252.0, 5425.0, 5430.0, 5514.0, 6418.0, 6598.0, 6663.0, 6720.0, 6944.0, 7015.0, 7068.0, 7542.0, 7551.0, 7705.0, 7862.0, 8242.0, 8815.0, 8914.0, 9203.0, 9278.0, 9869.0, 10084.0, 10155.0, 10732.0, 22827.0, 23144.0, 23414.0, 23598.0, 26147.0, 29803.0, 29844.0, 29956.0, 53615.0, 54108.0, 54617.0, 54870.0, 55809.0, 56957.0, 56978.0, 57060.0, 57473.0, 57645.0, 60313.0, 80152.0, 84327.0, 84504.0, 84678.0, 84905.0, 129787.0, 197342.0, 254251.0, 399687.0 
GO:0008017 MF 6.04e-05 26/1267   253/29107 D05 microtubule binding                      547.0, 1410.0, 2242.0, 2801.0, 3834.0, 3835.0, 4134.0, 4137.0, 4968.0, 7461.0, 9448.0, 10397.0, 10749.0, 11076.0, 11178.0, 23095.0, 23139.0, 23303.0, 24139.0, 25777.0, 26052.0, 54820.0, 63971.0, 79929.0, 118611.0, 151393.0 
GO:0035091 MF 6.18e-05 14/1267    95/29107 D04 phosphatidylinositol binding             2242.0, 3092.0, 4137.0, 5337.0, 6642.0, 9026.0, 9784.0, 23263.0, 26751.0, 29886.0, 51429.0, 54899.0, 58533.0, 115703.0 
GO:0008270 MF 7.39e-05 60/1267   811/29107 D06 zinc ion binding                         762.0, 1108.0, 1368.0, 1465.0, 1636.0, 1840.0, 2342.0, 3980.0, 4318.0, 4351.0, 5168.0, 5582.0, 6609.0, 6839.0, 7068.0, 7093.0, 7186.0, 7542.0, 7551.0, 7705.0, 8078.0, 8242.0, 8805.0, 9104.0, 9203.0, 9510.0, 9682.0, 9705.0, 9869.0, 10155.0, 10401.0, 10612.0, 10664.0, 22933.0, 23053.0, 23414.0, 23632.0, 25792.0, 26046.0, 29964.0, 49855.0, 51074.0, 51127.0, 54620.0, 55016.0, 55063.0, 55223.0, 56957.0, 57643.0, 64399.0, 79661.0, 80128.0, 83637.0, 83746.0, 84678.0, 85358.0, 90933.0, 130617.0, 219654.0, 342977.0 
GO:0003779 MF 8.95e-05 26/1267   261/29107 D04 actin binding                            81.0, 634.0, 2934.0, 4137.0, 4336.0, 5747.0, 6640.0, 6711.0, 10391.0, 11151.0, 22846.0, 22998.0, 23500.0, 28988.0, 29964.0, 51088.0, 54443.0, 54617.0, 54899.0, 56062.0, 57553.0, 79585.0, 83988.0, 85358.0, 85458.0, 116154.0 
GO:0003713 MF 1.11e-04 24/1267   231/29107 D03 transcription coactivator activity       81.0, 322.0, 1616.0, 1840.0, 3054.0, 6598.0, 6599.0, 6602.0, 7508.0, 8805.0, 9049.0, 9968.0, 10084.0, 10155.0, 10370.0, 10524.0, 11243.0, 23414.0, 23558.0, 28996.0, 51147.0, 55223.0, 55809.0, 84922.0 
GO:0045499 MF 1.20e-04  7/1267    27/29107 D05 chemorepellent activity                  7869.0, 9037.0, 10507.0, 54910.0, 56920.0, 57556.0, 57715.0 
GO:0106310 MF 1.33e-04 32/1267   360/29107 D07 protein serine kinase activity           1019.0, 1198.0, 1454.0, 2011.0, 3611.0, 4296.0, 5582.0, 5588.0, 5595.0, 5600.0, 5605.0, 6195.0, 6300.0, 7444.0, 8986.0, 9448.0, 9578.0, 9625.0, 9891.0, 10110.0, 10298.0, 10420.0, 10733.0, 23031.0, 23139.0, 25989.0, 27347.0, 28996.0, 29941.0, 65268.0, 84446.0, 139728.0 
GO:0106311 MF 1.33e-04 32/1267   360/29107 D07 protein threonine kinase activity        1019.0, 1198.0, 1454.0, 2011.0, 3611.0, 4296.0, 5582.0, 5588.0, 5595.0, 5600.0, 5605.0, 6195.0, 6300.0, 7444.0, 8986.0, 9448.0, 9578.0, 9625.0, 9891.0, 10110.0, 10298.0, 10420.0, 10733.0, 23031.0, 23139.0, 25989.0, 27347.0, 28996.0, 29941.0, 65268.0, 84446.0, 139728.0 
GO:0003682 MF 1.41e-04 36/1267   419/29107 D02 chromatin binding                        322.0, 429.0, 1059.0, 2956.0, 3054.0, 3066.0, 5111.0, 5252.0, 6046.0, 6294.0, 6418.0, 6602.0, 6720.0, 6829.0, 6839.0, 7091.0, 7936.0, 8019.0, 8725.0, 8805.0, 9869.0, 9968.0, 10036.0, 10155.0, 10370.0, 22933.0, 23314.0, 23598.0, 26147.0, 27043.0, 54623.0, 57597.0, 79831.0, 83746.0, 84515.0, 114825.0 
GO:0005525 MF 1.57e-04 33/1267   373/29107 D08 GTP binding                              391.0, 394.0, 989.0, 2770.0, 2771.0, 2775.0, 4337.0, 5414.0, 5879.0, 5881.0, 6242.0, 6345.0, 7846.0, 9363.0, 9927.0, 10382.0, 23176.0, 26052.0, 51762.0, 54769.0, 55340.0, 58480.0, 81554.0, 81876.0, 89941.0, 116986.0, 116987.0, 116988.0, 127829.0, 131870.0, 151011.0, 326624.0, 339122.0 
GO:0043565 MF 2.11e-04 24/1267   245/29107 D05 sequence-specific DNA binding            1059.0, 1869.0, 3066.0, 3142.0, 3297.0, 3661.0, 4137.0, 4303.0, 5442.0, 5453.0, 5455.0, 6294.0, 7391.0, 7541.0, 7547.0, 7572.0, 7975.0, 9839.0, 10514.0, 10538.0, 10664.0, 79177.0, 83482.0, 100131017.0 
GO:1990841 MF 2.12e-04 10/1267    59/29107 D03 promoter-specific chromatin binding      2067.0, 3066.0, 3297.0, 3670.0, 4303.0, 5430.0, 6663.0, 9869.0, 10155.0, 23060.0 
GO:0003684 MF 2.44e-04 10/1267    60/29107 D05 damaged DNA binding                      2067.0, 2237.0, 4913.0, 4968.0, 5111.0, 5886.0, 6117.0, 7508.0, 64858.0, 79661.0 
GO:0031625 MF 2.83e-04 27/1267   296/29107 D05 ubiquitin protein ligase binding         322.0, 1152.0, 1616.0, 1840.0, 2065.0, 2861.0, 3757.0, 4160.0, 5430.0, 7186.0, 7314.0, 7917.0, 8312.0, 8325.0, 8405.0, 8863.0, 9641.0, 9682.0, 9820.0, 9927.0, 10155.0, 10273.0, 23598.0, 51035.0, 51429.0, 55626.0, 92714.0 
GO:0051430 MF 3.18e-04  3/1267     4/29107 D07 corticotropin-releasing hormone receptor 1 binding 1392.0, 2775.0, 7349.0 
GO:0003924 MF 3.27e-04 26/1267   282/29107 D07 GTPase activity                          391.0, 394.0, 989.0, 2770.0, 2771.0, 2775.0, 5414.0, 5879.0, 5881.0, 9363.0, 9927.0, 11076.0, 23176.0, 26052.0, 51762.0, 54769.0, 58480.0, 81876.0, 89941.0, 116986.0, 116987.0, 116988.0, 127829.0, 151011.0, 326624.0, 339122.0 
GO:0036435 MF 3.78e-04  4/1267     9/29107 D05 K48-linked polyubiquitin modification-dependent protein binding 9641.0, 51035.0, 55793.0, 130617.0 
GO:0019911 MF 3.78e-04  4/1267     9/29107 D02 structural constituent of myelin sheath  4118.0, 4155.0, 5354.0, 51090.0 
GO:0008432 MF 3.78e-04  4/1267     9/29107 D06 JUN kinase binding                       5747.0, 9043.0, 11221.0, 11342.0 
GO:0004984 MF 1.30e-06  0/1267   399/29107 D04 olfactory receptor activity               
GO:1903231 MF 2.84e-05  0/1267   250/29107 D06 mRNA binding involved in posttranscriptional gene silencing  
GO:0004930 MF 8.88e-05 11/1267   683/29107 D04 G protein-coupled receptor activity      1902.0, 2828.0, 2861.0, 3062.0, 4160.0, 5995.0, 8325.0, 9283.0, 51704.0, 53637.0, 118442.0 
